9 3 6 2 7 1 6 6

0.6794275 0.5570919 0.5218686 0.2887134 0.8565704 0.1139091 0.03716799 0.6380838
0.08653065 0.660823 0.8775628 0.8867006 0.3868756 0.8566719 0.2837743 0.2819466
0.378658 0.3844755 0.7478646 0.3417438 0.3154934 0.4207466 0.3137314 0.02069582
0.02682811 0.1060318 0.6340204 0.222497 0.1936717 0.2497021 0.2724605 0.3154333
0.1746219 0.6562618 0.1657871 0.3467945 0.7459229 0.7834913 0.9965984 0.6353814
0.02097012 0.2497136 0.5838346 0.5624179 0.1550041 0.8923175 0.2226516 0.3510283
0.1900883 0.8496065 0.999596 0.5997533 0.2237985 0.6127015 0.582735 0.3245095
0.516119 0.1519305 0.3287214 0.03229567 0.2018591 0.1298407 0.3319949 0.8110693
0.9126643 0.9694158 0.2486891 0.498241 0.1315205 0.6544361 0.948988 0.793515
0.8257246 0.8093753 0.5032006 0.3716591 0.7140057 0.8523266 0.7999226 0.02350258
0.361332 0.08629707 0.1666703 0.6067667 0.7624581 0.6505461 0.9654541 0.3875255
0.4508079 0.0433674 0.9322408 0.3602968 0.8075837 0.7401928 0.8539702 0.4793517
0.1867394 0.3898841 0.8605598 0.2271308 0.3109794 0.8339652 0.2604277 0.01296342
0.06480372 0.8861071 0.5142329 0.5966025 0.626122 0.6908563 0.2527237 0.2283642
0.7163855 0.8224706 0.6177366 0.0965772 0.1439866 0.1502541 0.3925622 0.9530628
0.1177426 0.3933919 0.3699792 0.2804244 0.7911474 0.5823996 0.8179126 0.006171907
0.3551617 0.6081594 0.151208 0.9572026 0.6218575 0.3327976 0.282092 0.5403501
0.6084421 0.5255261 0.05328639 0.03676661 0.481365 0.3070764 0.7981026 0.7640187
0.8289542 0.3064698 0.8250842 0.2923038 0.5321761 0.02700199 0.2705264 0.8348639
0.6088774 0.3979628 0.1378724 0.2649144 0.5547311 0.7694576 0.6367141 0.7520915
0.06954932 0.1763887 0.3937946 0.1674403 0.3673297 0.8073912 0.966938 0.6081243
0.3645668 0.7724982 0.5377927 0.4366104 0.5507949 0.444694 0.6372362 0.26266
0.9710202 0.1768927 0.7413751 0.1430749 0.02068282 0.7290965 0.4831831 0.1533221
0.8738425 0.7657088 0.8741478 0.3294816 0.1064184 0.9932803 0.5001081 0.4709354
0.4116035 0.4646018 0.4238943 0.444756 0.2398382 0.1636233 0.4359633 0.1821782
0.9301024 0.1400232 0.6196308 0.6652147 0.877682 0.8604018 0.971583 0.5218442
0.9381764 0.237608 0.02068556 0.03534429 0.4258412 0.1625145 0.1482833 0.1678681
0.7354294 0.7666853 0.0169661 0.5922526 0.3536365 0.900927 0.5510271 0.1426293
0.9951399 0.8686399 0.5397558 0.0253277 0.05428313 0.4490245 0.760748 0.01565219
0.4133313 0.6539024 0.6497291 0.3364127 0.8468474 0.9976988 0.8625649 0.5907891
0.1788736 0.8996546 0.5531099 0.2287226 0.9253126 0.2016116 0.9958372 0.8937812
0.8152007 0.6465877 0.8873236 0.7146036 0.3619873 0.5647126 0.1769397 0.9969975
0.1872988 0.9576793 0.999188 0.2812905 0.4474424 0.3835579 0.3615918 0.1560989
0.07442538 0.4201171 0.4420254 0.1079899 0.7038107 0.232493 0.8411043 0.3372684
0.1219779 0.9853436 0.1442944 0.916713 0.1093392 0.07046416 0.2053592 0.3893786
0.6128976 0.1286425 0.4474067 0.5442995 0.4002157 0.04061588 0.9339078 0.5695799
0.01514577 0.4775439 0.3683843 0.7201306 0.6077265 0.2739642 0.5316502 0.5364815
0.3703037 0.8001557 0.02158203 0.6521091 0.1506616 0.938611 0.02295 0.6128088
0.797675 0.4614961 0.1137496 0.26102 0.2689686 0.3792515 0.880151 0.7739882
0.3957605 0.4990123 0.2946198 0.2302453 0.9174365 0.4375498 0.8751874 0.128423
0.09645267 0.3582308 0.7761037 0.842774 0.3378412 0.134123 0.387362 0.5899998
0.7376559 0.7494895 0.9467869 0.7344908 0.00665046 0.08250646 0.07369934 0.5470716
0.2752861 0.4979841 0.7383308 0.1237048 0.3385606 0.3765665 0.348724 0.9812784
0.6540892 0.2175264 0.3451219 0.4703042 0.1998864 0.008008915 0.2100489 0.9123565
0.4944921 0.8538242 0.02238406 0.301774 0.7291734 0.2181472 0.378891 0.3704253
0.942451 0.3444428 0.0642086 0.9826802 0.9763131 0.6655693 0.9624434 0.5846217
0.6077736 0.435825 0.3034036 0.8895424 0.7750685 0.8291842 0.4113895 0.8983879
0.122736 0.7177921 0.1215026 0.8410215 0.6021853 0.3165545 0.02115069 0.572796
0.5515314 0.6094638 0.2821989 0.3623475 0.02493894 0.3952649 0.7912093 0.1036887
0.6303131 0.8510047 0.7829114 0.4896785 0.1805007 0.2184716 0.6165684 0.2799961
0.5113299 0.2836216 0.9753238 0.3202533 0.5820426 0.5755459 0.98311 0.6897068
0.9340184 0.04218195 0.6652936 0.3618433 0.4290806 0.01173046 0.8154561 0.8476602
0.8845899 0.5819235 0.5259961 0.9813649 0.2538786 0.008300472 0.03983622 0.5208013
0.3387936 0.8037877 0.8983648 0.2955901 0.8053304 0.4539841 0.6953404 0.4233882
0.1293137 0.4952283 0.4632739 0.1942533 0.2045666 0.6918501 0.654116 0.172119
0.3044502 0.1146196 0.7761218 0.279993 0.6654392 0.5600572 0.8628217 0.8525791
0.3166614 0.2557574 0.9572658 0.5511305 0.8825705 0.7905054 0.2234901 0.1067669
0.9430409 0.619163 0.3764431 0.4643541 0.1664273 0.4620699 0.04652366 0.8879383
0.6647246 0.9849757 0.9344183 0.2296334 0.4382801 0.2698727 0.8825747 0.8584782
0.6624463 0.3775661 0.4977559 0.3824586 0.8851576 0.03862694 0.1656507 0.9092412
0.09457597 0.6445326 0.413074 0.4081066 0.2293306 0.9923189 0.6405317 0.807323
0.2220337 0.2289894 0.5368147 0.7293393 0.3623004 0.9244928 0.4677104 0.8344565
0.9213534 0.5168043 0.3007514 0.3209361 0.1498864 0.281467 0.5371304 0.2530646
0.3972169 0.138718 0.8593778 0.4794184 0.4477389 0.2380254 0.506849 0.186019
0.9405269 0.1528488 0.2380561 0.04611757 0.6139156 0.844375 0.2391338 0.2313645
0.4874932 0.9066758 0.7695493 0.8947056 0.8507684 0.52155 0.8174084 0.5459601
0.7436789 0.9792997 0.02812417 0.1288256 0.6625786 0.5601184 0.4493427 0.8763494
0.1176978 0.3650639 0.7230513 0.2907872 0.2661932 0.5497802 0.9765013 0.7481689
0.6610614 0.6313653 0.9621512 0.805113 0.9442779 0.5425234 0.6739915 0.6308863
0.01042496 0.9848735 0.4231286 0.7153047 0.3538348 0.8528424 0.9660984 0.6640057
0.943388 0.8379312 0.7085061 0.5859222 0.6660078 0.4787603 0.02833516 0.5467547
0.1421743 0.7710484 0.3626118 0.4004459 0.960696 0.3857609 0.5541936 0.6758837
0.953029 0.844918 0.01062228 0.2637195 0.1508409 0.5692321 0.03117727 0.7013801
0.8130121 0.03939145 0.8921179 0.4436911 0.7520243 0.942702 0.1966669 0.8405063
0.5445375 0.276078 0.5304306 0.4257538 0.8125951 0.0586842 0.6211613 0.9721395
0.4077389 0.09831103 0.8658325 0.7511456 0.2168814 0.4630663 0.4782504 0.5764539
0.5068854 0.7518876 0.5732907 0.5100276 0.7804041 0.894281 0.5952462 0.3770393
0.3757454 0.1887061 0.682538 0.9021487 0.9566047 0.4436209 0.09210763 0.05845313
0.7442512 0.4416149 0.3700661 0.8553519 0.7970401 0.05313513 0.9204315 0.9232643
0.01259154 0.03701638 0.3904131 0.6509418 0.2951699 0.5937679 0.923302 0.3617012
0.3064385 0.4771727 0.6133691 0.263976 0.6162529 0.03850808 0.3763297 0.04594002
0.9201953 0.0884559 0.2684687 0.4020226 0.7401623 0.9512287 0.6446277 0.2129638
0.3757789 0.3793096 0.4031239 0.9401619 0.9042712 0.1771839 0.5447451 0.6783567
0.7611082 0.2033246 0.283619 0.2167619 0.4278857 0.6727064 0.4321187 0.8083984
0.5131115 0.3133744 0.1763284 0.9487172 0.26026 0.5986805 0.9991438 0.1259703
0.5626504 0.2911398 0.1007819 0.759206 0.8300623 0.4079299 0.7273259 0.01543242
0.8339981 0.7290447 0.8516084 0.4125742 0.8704944 0.2670488 0.2167583 0.4046258
0.876095 0.05068588 0.7300757 0.3090107 0.7044258 0.7129105 0.2782139 0.9113524
0.6416143 0.5179923 0.123496 0.7621734 0.6512333 0.4036459 0.02046869 0.02943107
0.6773912 0.532798 0.3362194 0.1890418 0.3645616 0.008439387 0.08184974 0.7235169
0.4364513 0.1598721 0.8952568 0.3935571 0.3217228 0.6893236 0.8987884 0.4389209
0.1943662 0.6960198 0.01127775 0.4509495 0.7346313 0.3202264 0.7716205 0.916842
0.9981059 0.6420786 0.09923594 0.6759028 0.00708004 0.9808529 0.6931164 0.799882
0.08776951 0.8977929 0.3176403 0.3488726 0.6869344 0.7907263 0.8761866 0.6209388
0.3359421 0.9028936 0.05093869 0.6905552 0.7883353 0.9828442 0.03203276 0.5162247
0.9858223 0.4484442 0.6836553 0.9257155 0.1567488 0.2234125 0.6794433 0.5742928
0.2171515 0.4274262 0.1174526 0.210183 0.257135 0.1276318 0.5274791 0.7786294
0.578764 0.8119354 0.569302 0.7302195 0.6082496 0.2600055 0.8078625 0.08080598
0.4469351 0.1896612 0.2351878 0.4817279 0.5195227 0.7721124 0.6424588 0.9340449
0.8309509 0.3543815 0.2962349 0.5634024 0.1145438 0.5789937 0.1041539 0.5169492
0.7596927 0.3457319 0.7444056 0.1729824 0.4752479 0.5197083 0.7962746 0.9204306
0.9670515 0.7974759 0.9547585 0.1598425 0.1197853 0.9253278 0.9475996 0.2940248
0.8751792 0.992442 0.9126441 0.9785617 0.1273623 0.08200846 0.9282874 0.4032303
0.7097929 0.9427525 0.4531017 0.2239786 0.327592 0.2954031 0.5344 0.1487959
0.01684811 0.2900275 0.9136161 0.2205396 0.6955971 0.5440498 0.4531781 0.2196789
0.08586145 0.2961115 0.07627159 0.579034 0.07778414 0.9038374 0.7754742 0.4145855
0.6225215 0.3975303 0.9816048 0.6485983 0.424473 0.393337 0.9359565 0.6665923
0.990283 0.7837737 0.3968794 0.8224828 0.2107588 0.7025445 0.2316262 0.04986907
0.9530761 0.3970775 0.9257626 0.3922478 0.6045966 0.4209484 0.8207518 0.5339459
0.2576739 0.2982154 0.7832298 0.7783266 0.2599571 0.351479 0.1478608 0.3756434
0.2839446 0.5210881 0.9141374 0.05732644 0.1136933 0.246841 0.5812532 0.6397507
0.8004409 0.3944429 0.9492255 0.4333475 0.295639 0.4323747 0.1664656 0.7619082
0.5146154 0.6080037 0.5648592 0.2493554 0.1061667 0.4994955 0.8864502 0.3205118
0.007619185 0.8434819 0.2070501 0.8721156 0.9518691 0.4769389 0.4742256 0.8944524
0.8724522 0.1676994 0.1463353 0.4711361 0.3835984 0.05737429 0.3306626 0.6472879
0.7950228 0.5474723 0.7719197 0.4078551 0.9878472 0.9037053 0.6525523 0.4337941
0.7762303 0.516959 0.4329093 0.7331567 0.8160871 0.6269319 0.7087375 0.5474588
0.3286252 0.1009234 0.4481204 0.144811 0.9011214 0.2393856 0.8956769 0.7386497
0.8539875 0.4622404 0.3782214 0.5454738 0.07404818 0.7620014 0.9359613 0.2729187
0.829798 0.7657569 0.2878073 0.9285596 0.5244221 0.9020648 0.09142043 0.158036
0.9178709 0.8302685 0.2968288 0.2387152 0.06085303 0.7952119 0.1985641 0.4948363
0.6733208 0.7980336 0.8085103 0.3409855 0.7884801 0.4356759 0.3031289 0.2385421
0.1570444 0.09817176 0.7668028 0.4763873 0.2847351 0.9749134 0.1796796 0.804873
0.831803 0.2444303 0.1248666 0.9572502 0.02119517 0.7679189 0.7546858 0.138443
0.4198129 0.2879037 0.2411717 0.05924049 0.9774646 0.9721992 0.09481767 0.09582944
0.1933101 0.8096089 0.3358873 0.1378936 0.3607593 0.09351806 0.02347825 0.8407075
0.2108778 0.04333886 0.1692787 0.7093415 0.423016 0.1918087 0.3969119 0.6801023
0.7647244 0.7546155 0.4340081 0.6004423 0.5134489 0.451216 0.9096192 0.1052985
0.6434842 0.7605884 0.975202 0.2686833 0.2878657 0.5787328 0.2322374 0.02220257
0.1337104 0.7260828 0.8663431 0.4966116 0.296725 0.01327339 0.3523919 0.971634
0.987491 0.09943293 0.4340427 0.8707512 0.1794483 0.9222913 0.7837037 0.3997985
0.286473 0.2027129 0.9312233 0.0640388 0.4738993 0.6936735 0.8862218 0.4523194
0.7427219 0.7248517 0.5672667 0.5257275 0.2214332 0.391961 0.600766 0.2765437
0.4388625 0.4877765 0.7850529 0.08224761 0.3899577 0.2338758 0.1235 0.3924375
0.6546817 0.1477506 0.1843299 0.525631 0.5008981 0.1358876 0.7474755 0.9203599
0.4556283 0.7772238 0.07733982 0.102343 0.6300427 0.4945708 0.3013181 0.07866749
0.5212904 0.02329122 0.5359044 0.1344167 0.2107641 0.9122948 0.8838658 0.3396434
0.7326998 0.6383231 0.1705078 0.8431283 0.5250159 0.8446212 0.07802754 0.4658177
0.3951107 0.03657732 0.3068304 0.6787004 0.9582256 0.06318378 0.7082222 0.6953106
0.179617 0.240367 0.958663 0.258869 0.5132869 0.7730583 0.9300444 0.2591972
0.8503091 0.615402 0.511563 0.876067 0.1332275 0.1822803 0.9968773 0.03863258
0.05682444 0.1111424 0.1136386 0.4103834 0.06025627 0.1921688 0.1935501 0.5041459
0.1387506 0.5185796 0.2866994 0.08853124 0.4864265 0.5766453 0.6932002 0.6214858
0.8908367 0.3855483 0.5245922 0.4907743 0.3658313 0.8270988 0.6061383 0.8810795
0.5933181 0.006818858 0.2083253 0.1239987 0.9891021 0.04615075 0.4343713 0.7760565
0.2179206 0.7891829 0.2843809 0.9821218 0.7932748 0.8687634 0.5449598 0.144414
0.4173097 0.04770544 0.8259186 0.9065527 0.2964553 0.3742456 0.5493813 0.2047134
0.7468241 0.6517757 0.6847387 0.1681646 0.888679 0.8768023 0.4401959 0.01126393
0.622067 0.04755508 0.8347582 0.2867804 0.9674745 0.3770355 0.2046624 0.3515456
0.4177479 0.5597799 0.8902974 0.2299133 0.9388178 0.641152 0.3201461 0.5127908
0.4204928 0.6423051 0.7418289 0.2461841 0.4765021 0.4052348 0.8624075 0.1939486
0.4566377 0.1136812 0.5860606 0.693565 0.2128596 0.2550593 0.7967447 0.4659608
0.6635737 0.2720145 0.320476 0.1441903 0.3607297 0.08982109 0.06649039 0.4267688
0.2846104 0.0413896 0.7835422 0.1517041 0.1781204 0.7724001 0.5659201 0.279192
0.5398004 0.5744433 0.003549819 0.7422485 0.8079203 0.3517638 0.5439484 0.7188701
0.09243257 0.7992513 0.394629 0.03771455 0.2176206 0.2668577 0.5497645 0.604353
0.7173447 0.05084282 0.4364468 0.9239797 0.5382347 0.8059743 0.1469037 0.7740041
0.8168432 0.8039608 0.803043 0.5210641 0.678011 0.4904217 0.7835583 0.2071441
0.6015897 0.5986665 0.139933 0.2740133 0.254679 0.5735139 0.3325397 0.06788147
0.874284 0.347046 0.6194989 0.05362415 0.2960231 0.2433718 0.6238439 0.2637472
0.7695773 0.474412 0.1855229 0.1943659 0.6387663 0.6039634 0.02194165 0.1420808
0.9723003 0.4208518 0.0589336 0.06352418 0.6464521 0.09907204 0.3985785 0.717254
0.9313668 0.707436 0.6321283 0.6762075 0.4684959 0.04688655 0.9591802 0.7702805
0.6011464 0.1984674 0.6147026 0.09602322 0.7879172 0.8778573 0.06884952 0.6702019
0.7080121 0.5622374 0.1929096 0.9100297 0.2700989 0.5431708 0.9219991 0.4375016
0.799265 0.9600557 0.6549425 0.7193173 0.1913309 0.2883352 0.7389192 0.3090399
0.4134824 0.3488779 0.3622896 0.6956472 0.1450687 0.452988 0.5730421 0.5506715
0.6019817 0.7871104 0.4286113 0.2359385 0.9852852 0.405219 0.03694954 0.6135874
0.1973715 0.9458767 0.4302751 0.03941637 0.3118397 0.4405552 0.7649224 0.05070039
0.2305274 0.08077537 0.1028146 0.6330971 0.9880901 0.5877532 0.9153773 0.559882
0.6476512 0.4870385 0.3643084 0.4457779 0.4054513 0.2898037 0.4974666 0.3351759
0.4782525 0.6359199 0.3019747 0.3229725 0.7550246 0.5110573 0.2624865 0.8506078
0.2554144 0.5439419 0.8826806 0.5268476 0.2312853 0.06020642 0.1197703 0.06884345
0.2770912 0.3119157 0.6454083 0.6380529 0.6108023 0.6535826 0.2081229 0.1097209
0.7005388 0.3072031 0.3864474 0.09174565 0.6596001 0.2622474 0.365041 0.3428587
0.8743631 0.4156459 0.4093461 0.8535776 0.2417142 0.444792 0.1228928 0.4181858
0.8214669 0.3549863 0.5802007 0.6408042 0.482003 0.2274224 0.9104014 0.3503538
0.1973617 0.9899543 0.4430411 0.6376393 0.04584343 0.4112228 0.2495321 0.5103422
0.07462112 0.9751258 0.442955 0.7141015 0.1472702 0.3929416 0.6189104 0.01704959
0.5512535 0.01665374 0.1758448 0.1007678 0.2855825 0.7721287 0.06189368 0.003177255
0.3530668 0.05002666 0.530757 0.6004541 0.4404783 0.5488052 0.3138139 0.8387992
0.2700789 0.8675987 0.2592101 0.6588911 0.2086766 0.4008778 0.5734172 0.854465
0.2792635 0.4635077 0.6492443 0.9547998 0.8773371 0.7913642 0.5545002 0.9988277
0.01421721 0.004721918 0.7600447 0.04537584 0.002373819 0.6198185 0.3437386 0.0625505
0.63482 0.3776745 0.9589216 0.1444418 0.163077 0.896061 0.2697426 0.6078834
0.4807562 0.09517862 0.06232376 0.4181585 0.8848468 0.6721513 0.02270462 0.9531897
0.2263105 0.1213892 0.8945025 0.8608418 0.3349512 0.7636319 0.9795688 0.4582947
0.3100627 0.3558179 0.936503 0.7121558 0.9935298 0.6097237 0.1598035 0.2812071
0.9532412 0.9405418 0.6778393 0.3273485 0.09078244 0.4327299 0.1690369 0.0114131
0.08360521 0.759256 0.2051076 0.9924584 0.3527579 0.07730635 0.09864693 0.6277318
0.184183 0.6286996 0.981156 0.5133226 0.3044051 0.296761 0.8982483 0.1601385
0.4312423 0.8180546 0.3252265 0.3789887 0.2326473 0.7564791 0.3046477 0.06900823
0.19116 0.09671246 0.1122801 0.5308787 0.1444045 0.9309898 0.557663 0.4398189
0.5486469 0.5455237 0.7478629 0.7816175 0.2284393 0.6672247 0.1024633 0.6870463
0.1050303 0.4942354 0.2219591 0.2748614 0.8666729 0.5788798 0.6491918 0.4248914
0.1296636 0.4671158 0.6278627 0.04899405 0.03236749 0.9934876 0.910459 0.3757496
0.6445774 0.3975247 0.2997591 0.1394753 0.7267606 0.4718915 0.001649878 0.5521481
0.5290364 0.2082693 0.2561626 0.08398322 0.2715765 0.8623964 0.7571404 0.8605823
0.2028866 0.6951755 0.900653 0.3337105 0.6359617 0.968051 0.191368 0.2572805
0.6563247 0.5935171 0.3825421 0.73307 0.6406541 0.3448804 0.6012615 0.5266257
0.1933705 0.03272494 0.9964788 0.9745013 0.9390144 0.7784917 0.7266376 0.60354
0.9535828 0.273374 0.3546257 0.5057802 0.4147124 0.1280397 0.2785523 0.7148811
0.1966534 0.8862922 0.1655237 0.4839245 0.7617892 0.5325326 0.08169868 0.07013215
0.3114653 0.2298156 0.5353232 0.5248005 0.2877956 0.6082513 0.7490518 0.8969636
0.167517 0.2606533 0.5599513 0.6674318 0.1989763 0.4178263 0.676903 0.9379005
0.498713 0.008538599 0.2490659 0.1411098 0.1876001 0.3393976 0.3119491 0.9161564
0.2566312 0.2957316 0.6477499 0.1988313 0.4499222 0.5769415 0.3060012 0.2957912
0.5851339 0.2142721 0.5543668 0.6217608 0.7571046 0.6101644 0.6842929 0.7293157
0.7807716 0.4151609 0.1006426 0.9645042 0.8730372 0.8214425 0.856234 0.3528703
0.282756 0.4375353 0.8079058 0.8459496 0.6626408 0.9848411 0.8053622 0.04703662
0.1496659 0.02457291 0.5238225 0.371066 0.947189 0.08956702 0.8089994 0.4808867
0.4123999 0.2247328 0.1816731 0.6957814 0.8285955 0.959754 0.3622791 0.405392
0.234923 0.4312604 0.05457617 0.3762346 0.2994059 0.7062398 0.6616699 0.4814989
0.5397558 0.8838851 0.9385357 0.7561803 0.9810282 0.2040009 0.6945761 0.3688375
0.465318 0.5301818 0.6497747 0.5194387 0.917164 0.3757094 0.0856659 0.3908465
0.02653291 0.6340891 0.8060514 0.820745 0.3993113 0.3034473 0.6141224 0.01749575
0.2365278 0.3324803 0.9010142 0.9173789 0.08151921 0.8562339 0.3698271 0.5183209
0.5442112 0.2842373 0.9009749 0.4515317 0.9143241 0.6582597 0.5579166 0.6191
0.6285613 0.6939525 0.4368542 0.5980678 0.2372839 0.6153412 0.9306277 0.2401528
0.09767618 0.3759238 0.3347563 0.4066927 0.7574766 0.3534324 0.5148536 0.9780955
0.701968 0.1820293 0.7474291 0.03526094 0.2994636 0.9707707 0.1637672 0.2794847
0.561842 0.4288803 0.9655714 0.2519188 0.407398 0.4876804 0.6598134 0.9428579
0.5884556 0.6692294 0.6924864 0.07827609 0.8131113 0.9302949 0.9391339 0.5526967
0.2496742 0.6826966 0.4590209 0.7413474 0.4615966 0.5667029 0.2975202 0.4387129
0.2921954 0.5373377 0.9613823 0.9371245 0.4165212 0.07564574 0.6726388 0.2360562
0.4270556 0.2578009 0.3564186 0.01137573 0.1750845 0.2267023 0.0526194 0.5375967
0.007223431 0.1602199 0.7566204 0.7981487 0.1248732 0.5945231 0.6523407 0.2727902
0.5720618 0.2749868 0.3663854 0.9761754 0.840529 0.6477662 0.02463776 0.3151773
0.4278026 0.9944251 0.4355736 0.2282693 0.3664454 0.9306574 0.9521485 0.9799114
0.7618889 0.9438831 0.9320194 0.1810739 0.06517668 0.4032133 0.9808951 0.183951
0.1231728 0.6997983 0.1120974 0.4340962 0.9468757 0.3841971 0.9512161 0.7980466
0.3527905 0.7810937 0.3812236 0.9116974 0.9777107 0.8224094 0.6146546 0.3202958
0.2025825 0.1095502 0.4889641 0.793727 0.6166052 0.7041959 0.7331025 0.1844329
0.6846344 0.6676391 0.9323791 0.5553158 0.1174566 0.6028523 0.3373909 0.2929637
0.1166425 0.4027748 0.1761941 0.2060032 0.2411349 0.3077266 0.9452578 0.2365267
0.2236996 0.9753276 0.4151568 0.4403077 0.7727206 0.3906069 0.4640645 0.9427738
0.2965098 0.7299995 0.5550862 0.05258369 0.5644136 0.6177889 0.6806583 0.7261349
0.5912386 0.08825061 0.6217577 0.1704198 0.2962546 0.2406777 0.6438417 0.929881
0.18968 0.2225629 0.01200636 0.33843 0.4817134 0.548871 0.1302016 0.01311796
0.2675286 0.6143896 0.2220755 0.567666 0.6351161 0.9430142 0.9925812 0.5019234
0.3281823 0.7242 0.6408958 0.5842732 0.4071575 0.7630849 0.1249125 0.6811214
0.1449807 0.9516228 0.8795151 0.2334318 0.751929 0.4025625 0.5714508 0.7556821
0.7996796 0.3446378 0.934424 0.89182 0.1725485 0.4185929 0.2458776 0.154974
0.7656749 0.29886 0.3490645 0.5564643 0.2078463 0.3012405 0.2126372 0.5594177
0.7174553 0.7779905 0.8663777 0.01756877 0.8610465 0.7906032 0.3821263 0.6063512
0.7562022 0.8686713 0.5047694 0.451946 0.2886814 0.05338133 0.3811368 0.3563034
0.9064212 0.5183719 0.3807543 0.5426423 0.9750926 0.2894503 0.3031567 0.1324812
0.517834 0.3826255 0.6398613 0.7210997 0.4433491 0.6052008 0.5041337 0.7834062
0.7701883 0.5542105 0.4008516 0.9621598 0.1754835 0.2898675 0.1127627 0.278344
0.833236 0.490074 0.5737402 0.521028 0.6801595 0.138502 0.2687259 0.9760393
0.7351974 0.8906144 0.09245229 0.4600545 0.7889882 0.623055 0.03513617 0.1834512
0.07016037 0.4619788 0.143812 0.9560904 0.3819153 0.589308 0.9941041 0.7642923
0.5490383 0.4684061 0.5412201 0.5648075 0.6196132 0.6715445 0.9216681 0.4438994
0.9124187 0.1728139 0.2207461 0.03867422 0.3784244 0.3424305 0.8117666 0.5766633
0.4867517 0.4650731 0.9931399 0.838162 0.3178768 0.6431494 0.1812698 0.9693755
0.7832971 0.1372462 0.2062286 0.4593196 0.5087852 0.3603642 0.5935542 0.4838895
0.2882282 0.5619092 0.2321421 0.06016749 0.9510226 0.2080859 0.9560238 0.8265997
0.4091801 0.9331771 0.4577501 0.9220118 0.3757278 0.4032727 0.3454672 0.2755875
0.1736918 0.8297769 0.7545711 0.3616641 0.4982597 0.6897723 0.4038836 0.6729103
0.1827172 0.108666 0.8848207 0.6772457 0.6392454 0.3951627 0.3349914 0.629109
0.1071885 0.6446399 0.6205208 0.4926465 0.7101904 0.9765251 0.7441801 0.393957
0.2067363 0.3809252 0.3600446 0.6861109 0.4387969 0.3151215 0.7300409 0.05097811
0.5000605 0.1229394 0.9797124 0.01451032 0.3772637 0.6610724 0.02163411 0.4091195
0.4221529 0.4029283 0.5739858 0.1916156 0.6096078 0.7453731 0.8265872 0.5068894
0.03301448 0.1299991 0.2019541 0.2718632 0.7791553 0.9949496 0.9182628 0.2324274
0.01841387 0.7741218 0.03854001 0.8553762 0.8168936 0.428806 0.9263682 0.1693361
0.1428283 0.5961131 0.7354097 0.3378498 0.6108611 0.7254033 0.3086042 0.06383352
0.2056895 0.8642807 0.405576 0.89006 0.6526915 0.06496241 0.01475809 0.7881622
0.802318 0.2570554 0.5547976 0.5256211 0.09325181 0.6205426 0.9539772 0.5131642
0.8837446 0.5935234 0.4345038 0.1463648 0.09706695 0.7464375 0.005623664 0.5484331
0.199476 0.3794936 0.690603 0.04452853 0.3655898 0.6881315 0.2088389 0.7767774
0.4215991 0.1140411 0.7124433 0.8906 0.1361438 0.9431936 0.8583514 0.6139401
0.3677641 0.1213783 0.2761575 0.5220519 0.7374907 0.4937977 0.9869849 0.7906153
0.9767919 0.9371999 0.6648636 0.5848065 0.5856214 0.7958633 0.1733244 0.9926672
0.8788878 0.5358149 0.797811 0.7517867 0.9312035 0.5500633 0.6630342 0.7274392
0.2893729 0.1956598 0.3985602 0.3356563 0.01858881 0.4342651 0.1858924 0.5667532
0.9539189 0.06925221 0.2821442 0.596163 0.4909603 0.3770243 0.3829571 0.02795083
0.4439666 0.9524844 0.2452901 0.7744328 0.3067818 0.3768282 0.9277604 0.5863237
0.07481123 0.453181 0.4331533 0.2172269 0.615551 0.9670715 0.9070327 0.9748037
0.7444048 0.639584 0.8088703 0.130133 0.5689208 0.6159403 0.9586626 0.9200054
0.756158 0.4214687 0.9617631 0.8636777 0.8698275 0.696854 0.9411291 0.6167461
0.4997555 0.3979978 0.8017763 0.422873 0.3985077 0.8649054 0.6893272 0.4917142
0.9297272 0.5470536 0.8086677 0.4842984 0.7443393 0.9597275 0.4554186 0.8855441
0.0550962 0.5080349 0.6378724 0.313269 0.1157046 0.6035553 0.8558339 0.2564262
0.04197707 0.08043324 0.9019436 0.01463335 0.3430843 0.3927138 0.3533113 0.2805392
0.8905078 0.6208934 0.9932736 0.9464065 0.7501536 0.9408565 0.1831715 0.1460136
0.9675642 0.3911155 0.9731678 0.3651539 0.6436045 0.2045248 0.4776509 0.7217758
0.01640111 0.3984345 0.4252945 0.8461571 0.9661253 0.5618526 0.5119673 0.833682
0.7601188 0.7170891 0.6136312 0.2482437 0.4626443 0.4558578 0.2845174 0.2788714
0.6813908 0.864043 0.003829179 0.3801657 0.8979215 0.8702046 0.5556441 0.03307981
0.7161636 0.2907089 0.75701 0.8338376 0.7475058 0.6951428 0.2786686 0.7477318
0.6196145 0.1307707 0.6700973 0.08075562 0.2160768 0.9840395 0.5343033 0.2093724
0.03581866 0.3491175 0.09809631 0.447266 0.4171294 0.397833 0.8824797 0.7510142
0.3725816 0.5409983 0.3371851 0.4873247 0.1299668 0.5529835 0.5855274 0.4748012
0.618402 0.007922435 0.04940156 0.9159907 0.6470928 0.6058744 0.6389454 0.5671607
0.5316432 0.7804407 0.06897715 0.9632532 0.5970233 0.08723899 0.2861743 0.3196212
0.8823613 0.423306 0.351853 0.8004419 0.4995983 0.1292844 0.4739764 0.9631667
0.1665121 0.841057 0.6909903 0.5429535 0.7423466 0.5530603 0.6712462 0.9206186
0.06369553 0.7507536 0.9043842 0.7579977 0.3362471 0.1542236 0.6027521 0.07407622
0.1609605 0.3639172 0.6213196 0.512961 0.02853237 0.9219709 0.1018716 0.9816629
0.8453536 0.7405992 0.7849946 0.5090121 0.01886155 0.7036423 0.7722669 0.1771992
0.5523757 0.7687534 0.9544114 0.9947814 0.5218147 0.5141189 0.291881 0.2941133
0.2324776 0.8912685 0.07306358 0.7060125 0.06539774 0.4868347 0.7831052 0.1387075
0.7569763 0.3552792 0.8928717 0.4800908 0.06717073 0.3695883 0.8992414 0.6041282
0.07766252 0.1113015 0.4425586 0.2831354 0.6345302 0.2330323 0.1871685 0.5591217
0.2401049 0.3452126 0.9173139 0.1278899 0.7996368 0.9381594 0.2814384 0.8764395
0.8561274 0.9234958 0.6173882 0.5424459 0.6733198 0.496788 0.2176261 0.3896084
0.9381722 0.697148 0.1202724 0.9756225 0.4323795 0.3294937 0.7653208 0.1659777
0.4209505 0.8865656 0.3151021 0.4021631 0.4291964 0.4621603 0.01393856 0.3744258
0.7084373 0.9759889 0.9490195 0.3856161 0.9415815 0.2390359 0.4669023 0.1635227
0.7932021 0.3776789 0.9755702 0.7594106 0.5712158 0.01409342 0.3100349 0.8404588
0.4594285 0.9795707 0.148716 0.2834575 0.3979217 0.9322705 0.7563896 0.01534017
0.7966069 0.9892293 0.7823456 0.446752 0.8450111 0.01757634 0.7457701 0.01241282
0.04809482 0.4662616 0.3006296 0.9195199 0.1472555 0.9668962 0.407405 0.4879462
0.5267039 0.7370426 0.3332423 0.6937246 0.03995284 0.3723226 0.4477783 0.3720428
0.7421472 0.7324025 0.9724064 0.1008707 0.5389191 0.6021751 0.3382954 0.6133942
0.5827762 0.1526857 0.09071946 0.1204561 0.1067058 0.7873476 0.3930214 0.7503776
0.2560505 0.8525007 0.161225 0.8346508 0.183096 0.8408946 0.2198666 0.3717489
0.3829265 0.4173688 0.6184784 0.1824284 0.6736544 0.6970446 0.2845797 0.5161128
0.4657944 0.4844821 0.1943052 0.3777566 0.479443 0.1210976 0.5057839 0.4468992
0.4600206 0.04514065 0.0529779 0.3390188 0.5660543 0.7630313 0.7859568 0.3962564
0.9720877 0.9826964 0.5605083 0.9683731 0.2974785 0.07517661 0.9774445 0.777882
0.1590628 0.06373094 0.8060831 0.6218567 0.04944848 0.1538793 0.7126619 0.3491127
0.8805695 0.513274 0.9396302 0.8788567 0.7978726 0.479637 0.7261023 0.3901775
0.2173562 0.9873388 0.5573494 0.4820922 0.5941082 0.8561021 0.3538346 0.6584772
0.8343308 0.9894546 0.393612 0.9433644 0.1625511 0.6501691 0.3489476 0.6451047
0.2700688 0.1515686 0.1454826 0.04085218 0.4739866 0.5712255 0.08644422 0.3127796
0.9019906 0.23976 0.796366 0.5832065 0.202509 0.8483076 0.8850347 0.1135432
0.7015095 0.9613092 0.00101404 0.6792459 0.6973752 0.5454501 0.2486044 0.6136129
0.920291 0.6337424 0.9077309 0.7716784 0.8843648 0.2664736 0.4635209 0.9352518
0.6379847 0.2472668 0.1268363 0.2004377 0.813542 0.7214709 0.9185372 0.294261
0.2301141 0.8202337 0.5583865 0.688775 0.5822629 0.6105569 0.871937 0.8303947
0.5830561 0.3896475 0.986983 0.3810614 0.8623865 0.8142319 0.9901556 0.4390169
0.4302035 0.9491497 0.8349172 0.2747426 0.02966893 0.643731 0.03644265 0.540286
0.2023705 0.9312352 0.09845831 0.6830529 0.3813132 0.1177324 0.9421014 0.5974584
0.9695028 0.7490498 0.4149297 0.7833404 0.7101028 0.8402519 0.3456964 0.7373578
0.6510804 0.338832 0.2737005 0.1843252 0.5172192 0.2058635 0.9436551 0.03231637
0.8254584 0.4061586 0.4989144 0.07994146 0.4644655 0.05873314 0.03957166 0.123648
0.4188069 0.9600897 0.9262832 0.518896 0.9118055 0.07185222 0.6587172 0.5115344
0.8791898 0.6633712 0.5276904 0.01805628 0.9612984 0.4617836 0.358542 0.1832499
0.2767907 0.6501127 0.4230475 0.914006 0.2656855 0.7860948 0.4982251 0.2998793
0.2874014 0.1063588 0.4364287 0.9423149 0.1558401 0.4630226 0.3445456 0.8533785
0.728842 0.9296672 0.2284279 0.485914 0.6392699 0.06020508 0.6764951 0.6721642
0.07430358 0.2282612 0.866412 0.5538739 0.7032588 0.7935047 0.517652 0.6723556
0.2702325 0.6102822 0.4602431 0.3682468 0.9939858 0.828748 0.4486429 0.5003525
0.8436863 0.3131914 0.548671 0.8142151 0.4792946 0.3599673 0.1760848 0.02533065
0.2511556 0.7360255 0.5888429 0.06929353 0.4666201 0.08090371 0.3505665 0.3855586
0.1248367 0.2449004 0.7087591 0.3890602 0.07013813 0.494813 0.8107675 0.7197961
0.533396 0.4301199 0.4143507 0.3190078 0.9534609 0.5845176 0.6213043 0.9936393
0.7843292 0.8603465 0.8990842 0.6266114 0.2115637 0.6704282 0.5498313 0.8269737
0.5980631 0.4604121 0.1025127 0.4887689 0.4224165 0.8945974 0.6354293 0.5533743
0.2125005 0.6062543 0.5560776 0.8458295 0.4848279 0.385305 0.9131707 0.8816413
0.9508104 0.6023559 0.6754823 0.03938663 0.2427052 0.4613853 0.9773076 0.9470587
0.8341942 0.95359 0.7636418 0.6425461 0.8131723 0.8822411 0.7371244 0.9657448
0.03236952 0.429181 0.8296118 0.6157996 0.432849 0.674014 0.9712427 0.02225308
0.191365 0.1399346 0.7381947 0.7792339 0.5246695 0.6860961 0.1745188 0.7171935
0.5133901 0.9440431 0.1547611 0.289615 0.1656252 0.1584435 0.1294124 0.4905967
0.9085083 0.7898747 0.5811547 0.8047659 0.1497023 0.7738693 0.3098508 0.9904712
0.7729561 0.106801 0.9859859 0.783932 0.1101261 0.3186965 0.7989139 0.5310732
0.5905958 0.8934439 0.8935502 0.3517027 0.1759074 0.0296481 0.5445616 0.3184067
0.3643059 0.7200431 0.6396628 0.5159698 0.5617994 0.9547676 0.2944873 0.8990831
0.4409123 0.4865226 0.1481781 0.3166957 0.1774318 0.2898431 0.8872917 0.8980744
0.3757327 0.671191 0.5479688 0.474874 0.4938851 0.6123607 0.7188015 0.2249217
0.2305629 0.1653743 0.8494195 0.0203677 0.4641058 0.7190672 0.5488194 0.757346
0.1435247 0.9320118 0.9808171 0.9457322 0.1314655 0.9454807 0.2466789 0.4296618
0.4059585 0.3309086 0.6323019 0.03255501 0.8048799 0.9793758 0.63331 0.5034512
0.8768302 0.8000274 0.2306286 0.4030573 0.3010994 0.5028505 0.1290202 0.8958035
0.2518582 0.5150608 0.6074808 0.260837 0.04812456 0.03480168 0.915449 0.4226914
0.7277293 0.9451746 0.8876593 0.7077145 0.7394111 0.5533605 0.6681888 0.7029301
0.9773695 0.2656152 0.3007881 0.4739104 0.3322144 0.1189762 0.4029036 0.8808019
0.495165 0.9303226 0.02504517 0.3964678 0.8062212 0.7672286 0.5543352 0.647051
0.8209609 0.1748332 0.7630983 0.9664707 0.7973126 0.5398815 0.1526929 0.679064
0.6407387 0.4524291 0.3370811 0.5981935 0.4490034 0.7481856 0.1222906 0.8058539
0.4536393 0.2475634 0.7504457 0.9542525 0.5243652 0.2442524 0.7409622 0.3053075
0.7347109 0.9029937 0.1685912 0.7593922 0.01425352 0.6858847 0.621465 0.1076623
0.4655507 0.316688 0.31036 0.1628202 0.6200945 0.926612 0.5192439 0.0807954
0.7501704 0.7969051 0.6296366 0.7798609 0.4375581 0.7282717 0.7460617 0.2918407
0.213433 0.5108358 0.1104632 0.6904591 0.725244 0.7366781 0.7357483 0.2282392
0.4057614 0.001079908 0.3821876 0.8581714 0.9892704 0.7923615 0.1283064 0.7545708
0.06339702 0.1860364 0.7174697 0.1558477 0.07118848 0.3713097 0.6809593 0.8346184
0.9672335 0.8045321 0.9634496 0.6022177 0.9818168 0.8473752 0.3934607 0.6950714
0.6414104 0.7049518 0.8880944 0.5905198 0.8171051 0.2487931 0.1183704 0.5297997
0.4611312 0.810307 0.08275331 0.8315059 0.6952432 0.6557874 0.1904764 0.5979189
0.2615718 0.3537439 0.5669007 0.7554256 0.7216741 0.1894156 0.9229166 0.2259153
0.7281434 0.304238 0.9042134 0.9705819 0.2550404 0.3992145 0.8134524 0.9104162
0.002434526 0.2588776 0.2178009 0.5373725 0.4381409 0.7237196 0.9104711 0.8719216
0.01012393 0.7698787 0.115747 0.06100449 0.3826891 0.7491769 0.315331 0.7126915
0.059905 0.1221708 0.06172913 0.9435167 0.9132785 0.0675411 0.894633 0.04118953
0.1331158 0.7777785 0.06042075 0.8020664 0.6526702 0.712602 0.4898988 0.4973253
0.3806054 0.8960619 0.1932578 0.3216708 0.7889267 0.6378272 0.8594952 0.1289729
0.2469185 0.3612662 0.2860146 0.2134422 0.969451 0.7722778 0.1847804 0.7066753
0.1114839 0.8832481 0.4107803 0.6791673 0.4977093 0.6416005 0.4134505 0.5556319
0.5162869 0.8082448 0.9832122 0.05470791 0.250904 0.7514971 0.9517135 0.58087
0.289734 0.8164541 0.4084631 0.04920842 0.01000049 0.4832169 0.9659172 0.02023967
0.5635007 0.05682856 0.9648427 0.0390709 0.8601924 0.7441744 0.5351279 0.4862251
0.3160882 0.8836735 0.3553781 0.3458324 0.6314215 0.6942019 0.5048024 0.7152551
0.6155053 0.02819668 0.9233082 0.5332943 0.4884605 0.7627278 0.9251584 0.746177
0.5506493 0.2364768 0.7080624 0.9171042 0.05038134 0.8182797 0.88834 0.02462045
0.8644736 0.8621906 0.169474 0.924446 0.137617 0.8737044 0.0383801 0.8084828
0.9895376 0.6822461 0.9061726 0.809775 0.135845 0.5461655 0.04844852 0.359963
0.831487 0.2503788 0.7803264 0.9623134 0.7267766 0.4931066 0.272574 0.651592
0.5514789 0.9537387 0.8804323 0.8361217 0.4389886 0.5683205 0.8331533 0.5836827
0.8264905 0.7199192 0.5460863 0.3245904 0.5369397 0.03450153 0.9020791 0.395065
0.8882767 0.06603707 0.3151123 0.1793531 0.1940467 0.5373196 0.7143693 0.235835
0.4812447 0.1363281 0.0117803 0.8736009 0.6095994 0.02663479 0.4431293 0.5276446
0.7550621 0.0112716 0.8237795 0.4775695 0.07117825 0.9416744 0.4880648 0.4524616
0.7731744 0.3363532 0.5288273 0.3294699 0.2896218 0.4536339 0.004482481 0.6199941
0.1108843 0.5286654 0.7647788 0.2405948 0.5558604 0.4155636 0.5783065 0.2817841
0.7909215 0.886518 0.7956753 0.7301315 0.8757112 0.9115826 0.7397475 0.7064286
0.7914051 0.09710839 0.1329641 0.2868446 0.5603859 0.6980956 0.1493701 0.7179662
0.2933456 0.1246447 0.1402121 0.1039226 0.7800793 0.8317103 0.7911826 0.2863652
0.1492973 0.6059218 0.366272 0.3453282 0.4568774 0.6000575 0.5412475 0.9932623
0.2242329 0.3857142 0.2550824 0.4415834 0.9905483 0.2360164 0.5568812 0.2157726
0.3828848 0.3408401 0.1126382 0.1590104 0.5531845 0.9862744 0.5154735 0.5278958
0.5521147 0.04934082 0.2860948 0.8744577 0.5032256 0.8433748 0.5741276 0.6618817
0.03983373 0.9802615 0.6818766 0.3750437 0.9748292 0.7312048 0.9093922 0.3381315
0.3793311 0.2312953 0.7308831 0.01029844 0.5955816 0.7712475 0.3026172 0.2926258
0.9625748 0.7460477 0.2882593 0.850946 0.9169401 0.1958168 0.4597368 0.4647417
0.441686 0.09218291 0.2395885 0.1818188 0.2164854 0.2177625 0.9611471 0.6060857
0.7766535 0.7413526 0.3358962 0.9970515 0.6730301 0.6082218 0.8393247 0.9780336
0.7518552 0.7108361 0.3946474 0.3569934 0.3408176 0.09302985 0.9732172 0.96844
0.8272504 0.3491643 0.8656714 0.7296377 0.2106639 0.6622218 0.1665289 0.2823609
0.1199702 0.5689848 0.3944305 0.7659773 0.84001 0.7809372 0.22398 0.172065
0.1672938 0.21754 0.7393238 0.8324562 0.7890478 0.3406906 0.9897555 0.1613678
0.2576517 0.7003216 0.9246715 0.2867223 0.4446184 0.969007 0.7676846 0.9277825
0.4414634 0.6965727 0.8085979 0.3049487 0.3557011 0.02472806 0.5018888 0.6270592
0.9745919 0.8213477 0.5941604 0.5781145 0.2547362 0.7926334 0.1261679 0.423948
0.1158023 0.5035951 0.1154997 0.2349847 0.5686927 0.1053514 0.8901374 0.02385203
0.1536495 0.09326516 0.4350944 0.003267978 0.9857523 0.09043746 0.3959542 0.5999354
0.04075535 0.3492582 0.9346204 0.4776972 0.8409307 0.8694455 0.8186564 0.2689299
0.8697915 0.7884704 0.05990049 0.5701447 0.8544398 0.6155905 0.2336792 0.969386
0.01429558 0.8257773 0.5640621 0.005740392 0.5165623 0.4486301 0.0228212 0.009037053
0.4020946 0.8896052 0.2025455 0.4501599 0.3102349 0.2145494 0.7853208 0.8026157
0.4912517 0.3069848 0.5971631 0.6026299 0.9312382 0.3544695 0.3104078 0.7363291
0.244912 0.7471986 0.1598937 0.1345327 0.02046673 0.7411786 0.8686455 0.7528588
0.9796015 0.05931306 0.1439417 0.0613027 0.9290193 0.4796859 0.4719119 0.4299814
0.9810464 0.2907916 0.1793968 0.9173662 0.02483084 0.1358894 0.9684206 0.4568049
0.3131873 0.6398572 0.898787 0.6962091 0.809952 0.1204334 0.03362927 0.6221551
0.6826784 0.739409 0.9549692 0.05872398 0.4827401 0.3698137 0.4120265 0.2962233
0.5988506 0.5760631 0.732076 0.2991825 0.8868349 0.2473582 0.8802487 0.3801905
0.6696639 0.9682636 0.6275745 0.4409737 0.2802599 0.5699419 0.1718242 0.2175696
0.581597 0.8377676 0.8578101 0.2032866 0.3461385 0.3251416 0.4900986 0.09488457
0.4021092 0.2450327 0.002742426 0.3349939 0.1395356 0.3178045 0.1961646 0.471627
0.3724677 0.3858814 0.1998873 0.1705974 0.2752801 0.2185524 0.2191695 0.01429789
0.4191367 0.1877795 0.4290555 0.02288132 0.3795132 0.9805543 0.7890187 0.8087398
0.6988243 0.2020475 0.2381152 0.3892373 0.6579296 0.5704721 0.4012804 0.01044936
0.2417528 0.7684201 0.7277256 0.3608734 0.07855115 0.5367415 0.9513887 0.6398929
0.08543263 0.9125027 0.5215689 0.6639937 0.4037832 0.2732965 0.9423539 0.4824884
0.9201163 0.3293583 0.370081 0.9310133 0.4958299 0.2545633 0.8335093 0.723317
0.9764464 0.6059563 0.403032 0.8515567 0.8160045 0.4856287 0.9366617 0.6328696
0.2821036 0.2432511 0.8842336 0.6126366 0.382272 0.09006723 0.9359534 0.6568623
0.3106518 0.7254414 0.5321453 0.3511332 0.7430591 0.8252243 0.7980157 0.4395433
0.1510706 0.4903694 0.6085309 0.1576494 0.5546207 0.3957412 0.9662648 0.9836262
0.2966222 0.9572994 0.07786845 0.552706 0.802408 0.2944013 0.3873365 0.7011425
0.5682865 0.1395246 0.9912484 0.7509856 0.1654157 0.4261235 0.7077075 0.02349899
0.5213804 0.6675132 0.8569452 0.6470351 0.08113547 0.9651258 0.006987856 0.9881305
0.1487323 0.5007341 0.6767426 0.04551642 0.4006349 0.07682751 0.9617053 0.6602118
0.04939042 0.4982973 0.6857676 0.8495075 0.7012391 0.7711218 0.3857567 0.2492264
0.4604894 0.4680505 0.4193222 0.8209066 0.219503 0.8541518 0.7213887 0.4510081
0.8582471 0.2938667 0.8044583 0.3676188 0.1675906 0.5555041 0.7919385 0.08561508
0.7296545 0.9447841 0.6725243 0.8327464 0.08871634 0.493066 0.07027331 0.3253987
0.009212514 0.3131931 0.9383664 0.21105 0.4047415 0.6457099 0.3903242 0.8017807
0.5220586 0.832321 0.6553407 0.8455365 0.4767283 0.7195235 0.7562416 0.5767441
0.8843368 0.6858831 0.5265239 0.1309614 0.8908263 0.497703 0.7331943 0.543913
0.2338798 0.3716512 0.226495 0.4119639 0.314558 0.5135454 0.643926 0.5856724
0.09155567 0.1018473 0.6211337 0.3876463 0.4349376 0.2903075 0.2154222 0.5737121
0.3157094 0.4112066 0.2617537 0.723275 0.1449782 0.01770571 0.4970919 0.1261099
0.3008498 0.4231957 0.6513954 0.963812 0.8811461 0.07557991 0.9742657 0.7756711
0.235869 0.4920902 0.7161279 0.55744 0.3738238 0.6434776 0.09375305 0.3676619
0.3966179 0.5558891 0.315408 0.6805162 0.2197244 0.5832282 0.07422216 0.88326
0.8011573 0.01900148 0.5466536 0.2264698 0.3785953 0.7494994 0.1802766 0.5156268
0.1385218 0.4803117 0.7074625 0.8991005 0.6424936 0.3942741 0.5370874 0.3508074
0.5598137 0.1885738 0.9377549 0.03365908 0.1499596 0.5354274 0.3973258 0.7283876
0.3439425 0.7740845 0.1568564 0.08570365 0.2732781 0.217093 0.3671974 0.09064092
0.03579148 0.2690056 0.9836029 0.2392844 0.9268909 0.3773039 0.7506137 0.0375265
0.1064773 0.1894663 0.05736096 0.3943227 0.263398 0.1997397 0.8884158 0.2203394
0.8517044 0.1973234 0.412616 0.0118267 0.4636958 0.03263202 0.7672379 0.476513
0.119474 0.09890659 0.2087588 0.1768067 0.7750854 0.2259612 0.7597465 0.7309741
0.3989574 0.3073234 0.9788634 0.3898708 0.594643 0.1817971 0.05522994 0.1659617
0.1969694 0.3795142 0.4527864 0.7345845 0.4884817 0.3631593 0.7724207 0.8214382
0.1375563 0.09944871 0.9624424 0.4661077 0.6488796 0.9516817 0.4575132 0.09261783
0.3526196 0.08647352 0.9344987 0.8920523 0.5680619 0.4140503 0.1509655 0.7101486
0.4189329 0.4101148 0.06454745 0.8367892 0.6991123 0.05119477 0.9288123 0.8436415
0.8523066 0.6105246 0.3805206 0.9633279 0.4661366 0.6695431 0.8127032 0.07217235
0.9048699 0.6575784 0.1342908 0.609665 0.6996713 0.2694785 0.7263319 0.2616208
0.01660277 0.01706746 0.3560183 0.0589311 0.7830567 0.4641266 0.2741394 0.9257336
0.3440956 0.8189522 0.8755073 0.7142676 0.412511 0.8459439 0.4513312 0.1859658
0.4650796 0.6840615 0.5594945 0.8321156 0.1368584 0.1142865 0.9325179 0.2193336
0.8953569 0.6142123 0.3230911 0.8595689 0.6265464 0.6234112 0.2218907 0.4701213
0.205433 0.5992916 0.9892956 0.976703 0.1036067 0.04090146 0.2691707 0.006115471
0.1721482 0.1185284 0.2052589 0.5477371 0.4175471 0.1931556 0.4438335 0.1310805
0.2052077 0.5342559 0.0684629 0.8408281 0.5626781 0.02506854 0.9653882 0.9185736
0.9147147 0.6133475 0.1781589 0.994455 0.9029696 0.09947045 0.3628036 0.8459192
0.9523884 0.2430708 0.3675322 0.8145267 0.3833213 0.2359079 0.5789723 0.4996653
0.8433238 0.9441192 0.7197547 0.3194775 0.9190245 0.4486432 0.9572166 0.0240244
0.002900091 0.8416746 0.5396168 0.3325236 0.7032809 0.09918753 0.03425364 0.6146614
0.5951113 0.2717741 0.1772424 0.8603405 0.7201013 0.9457345 0.1674913 0.6034366
0.6321076 0.4250121 0.7627442 0.5571562 0.5428442 0.5528266 0.1725953 0.2231214
0.2092673 0.3713339 0.2512594 0.08919674 0.3019748 0.8776021 0.9403297 0.09381728
0.2192482 0.08944477 0.479907 0.4781986 0.4766957 0.2753124 0.2201157 0.7764164
0.7727461 0.4505007 0.1989083 0.751446 0.6099519 0.7525503 0.5150279 0.4584744
0.2318794 0.4146424 0.4594044 0.08337896 0.3275787 0.4967226 0.5123674 0.4511817
0.5094792 0.9891152 0.7922605 0.6358248 0.4383157 0.5420471 0.6961578 0.6945574
0.1677712 0.3630584 0.6617804 0.9096252 0.6648734 0.899913 0.6331505 0.8148591
0.8487012 0.6151376 0.8544522 0.8498008 0.7495757 0.3694316 0.3905324 0.6162967
0.6642238 0.3425466 0.7715425 0.3255013 0.6654609 0.7053446 0.4819057 0.2823127
0.6383015 0.3439144 0.43528 0.08442992 0.4827977 0.5294922 0.04597359 0.1661476
0.5612597 0.4924507 0.4246404 0.2217856 0.6641054 0.240497 0.3538707 0.728022
0.3613628 0.05877039 0.2335063 0.04647914 0.6491503 0.5649313 0.5689937 0.06603803
0.8439012 0.4366545 0.2400777 0.4477268 0.2140667 0.1599897 0.1298482 0.9684363
0.3403423 0.005437705 0.8597965 0.6641324 0.3561245 0.8869754 0.3884023 0.3188675
0.5089817 0.6916267 0.1672878 0.4423686 0.9569859 0.09259381 0.7665152 0.2652837
0.2415347 0.4358884 0.8339342 0.8010307 0.4709454 0.7353958 0.5831223 0.3657563
0.4394878 0.8324513 0.9349221 0.7077424 0.1522901 0.9585426 0.5102065 0.8700078
0.08206467 0.02790599 0.9799793 0.3723986 0.06755864 0.6346048 0.1790006 0.4276894
0.1257364 0.2524507 0.05688131 0.7763058 0.9379117 0.7513182 0.7067262 0.6607828
0.166023 0.9453558 0.3792112 0.302877 0.3549181 0.8745293 0.4960356 0.4404427
0.9081539 0.07380049 0.8791299 0.4787869 0.937656 0.7388442 0.2899261 0.4776103
0.7752449 0.7811462 0.2129625 0.4169267 0.5051291 0.2592912 0.1502459 0.1233749
0.888749 0.06550768 0.06138548 0.2636066 0.2030557 0.7637942 0.7797809 0.6351057
0.7619999 0.5518742 0.4355994 0.5471351 0.03104325 0.8555832 0.4254559 0.7495419
0.222365 0.9443999 0.4358199 0.3704186 0.3646855 0.9590357 0.158502 0.7856091
0.5060748 0.2235717 0.898655 0.9208034 0.001437165 0.02461104 0.365455 0.6315939
0.7018933 0.7813532 0.2019801 0.1471087 0.5631178 0.4087722 0.04966242 0.5180517
0.1802874 0.2958827 0.05447652 0.1447783 0.2033662 0.9044988 0.1801543 0.3239476
0.1941082 0.004211761 0.3404917 0.8078295 0.7253824 0.6307404 0.146298 0.3708846
0.8721569 0.8894375 0.3923025 0.3125578 0.8079977 0.4359881 0.5511894 0.02104041
0.05836663 0.2188051 0.164379 0.5320635 0.8607411 0.1536999 0.2637275 0.4062609
0.3758439 0.43631 0.5625965 0.8421802 0.8469932 0.6272069 0.3845006 0.5968541
0.6837421 0.8796986 0.4935948 0.6572389 0.07250777 0.7269688 0.0299271 0.03391187
0.5389015 0.9689822 0.9869536 0.8617609 0.6987114 0.8773146 0.6416145 0.8178253
0.7811663 0.2617725 0.5469714 0.5830662 0.9372733 0.8335263 0.4088143 0.151507
0.7283553 0.2192598 0.3938903 0.8176271 0.6573259 0.470821 0.9023511 0.3456235
0.5996483 0.4312422 0.183944 0.8161894 0.6646054 0.8492756 0.5179942 0.3504229
0.5613254 0.4397004 0.4136533 0.3085802 0.3962385 0.5852312 0.7007003 0.1944717
0.139579 0.972253 0.618532 0.6479258 0.3180625 0.4005438 0.9923149 0.3524273
0.234557 0.7020197 0.833684 0.00738452 0.1019746 0.2843208 0.2593839 0.461317
0.4362365 0.6148625 0.5891959 0.508786 0.3338877 0.1222798 0.2313063 0.0293217
0.1249565 0.03244102 0.6887484 0.7999975 0.9079521 0.9964876 0.3774932 0.002063737
0.1994205 0.8762418 0.6590152 0.7063142 0.6106441 0.06944086 0.6217112 0.8039122
0.6273081 0.8679791 0.7861449 0.7139222 0.9247835 0.4015839 0.6958072 0.5049463
0.8019674 0.4531349 0.9701779 0.3544762 0.2699582 0.304285 0.2055713 0.9821326
0.5470862 0.4580372 0.9388925 0.7085858 0.2009043 0.5621428 0.08663711 0.1484582
0.4542324 0.9058941 0.7058565 0.2112069 0.1621602 0.2160245 0.7300479 0.6132031
0.2154635 0.3815681 0.8982128 0.9178662 0.4097025 0.6767069 0.101321 0.6342739
0.1049434 0.3132787 0.6102798 0.05046373 0.3182559 0.8269534 0.6510491 0.2645899
0.2097512 0.262208 0.7009068 0.8346978 0.5958532 0.842786 0.5478071 0.8147316
0.7335018 0.05384495 0.2883589 0.6384264 0.3755027 0.6994284 0.6028949 0.7030939
0.6008234 0.9071236 0.01479108 0.2836142 0.2827458 0.6371627 0.7466183 0.5165839
0.5204909 0.3151439 0.995369 0.0385914 0.2287977 0.7204467 0.7143801 0.748842
0.3023108 0.4001315 0.1299765 0.7560922 0.306227 0.6885337 0.6595697 0.1909331
0.922108 0.8593483 0.6896491 0.6004671 0.6009033 0.6526854 0.9287465 0.2669545
0.2647182 0.1553602 0.6203203 0.07997939 0.8336932 0.1356823 0.2160277 0.3135606
0.8896071 0.04466162 0.6890894 0.4922482 0.5564275 0.6633521 0.7916386 0.2620652
0.7842487 0.2263979 0.6556495 0.8235178 0.4966354 0.446905 0.3843394 0.5451697
0.04042705 0.8535798 0.8970909 0.2870435 0.3702638 0.09934015 0.5449949 0.6225033
0.4252689 0.4203404 0.3415211 0.2173315 0.8632623 0.5445871 0.8408137 0.7784947
0.03623872 0.0654203 0.823314 0.2933287 0.271932 0.7422245 0.6549061 0.6029208
0.7704771 0.6245711 0.2600902 0.3698598 0.1847586 0.01348137 0.1855827 0.9415979
0.7138917 0.3570154 0.567418 0.6971074 0.2409916 0.4437767 0.4127294 0.5483562
0.9471351 0.116009 0.02199476 0.3394954 0.1195241 0.2045026 0.6745052 0.6363681
0.7652738 0.1600013 0.4259598 0.5072944 0.09037803 0.3882603 0.6221882 0.5273023
0.04440571 0.2537401 0.7455918 0.7460816 0.5753156 0.1032417 0.4163208 0.3977724
0.818654 0.176603 0.4906887 0.6642618 0.5943253 0.1164315 0.1278602 0.7482906
0.4353886 0.1126446 0.8891744 0.118376 0.6020725 0.8097857 0.5534252 0.9651444
0.1738225 0.2546759 0.8108402 0.5969283 0.848828 0.9667292 0.8580602 0.3564906
0.7629498 0.08103607 0.2658239 0.2830543 0.8275676 0.3995982 0.1807238 0.3185947
0.579256 0.7888075 0.04969502 0.6438185 0.5580428 0.8886256 0.5149174 0.7542257
0.2184884 0.2299335 0.6834286 0.2740915 0.1139 0.07446428 0.4021231 0.1495537
0.9032111 0.9976993 0.002886931 0.9182995 0.9968787 0.6840837 0.3514308 0.6181709
0.4364211 0.3995998 0.602284 0.4585113 0.3782513 0.2654076 0.7387409 0.7776754
0.3363918 0.7241382 0.7172528 0.4856917 0.6769139 0.1295922 0.6930977 0.6704506
0.3394399 0.007749905 0.1927377 0.804325 0.7507217 0.16797 0.9178742 0.2329989
0.08325804 0.1341704 0.4642111 0.9483709 0.2771338 0.03244058 0.09640737 0.3131952
0.07061245 0.4529872 0.8352255 0.145212 0.3570288 0.0107295 0.326168 0.02312471
0.4182377 0.981471 0.5196426 0.352867 0.003249815 0.3202358 0.4174092 0.2331397
0.006710168 0.9622763 0.5115569 0.7114444 0.5840003 0.738098 0.5262261 0.6811678
0.8407246 0.06818077 0.2434384 0.7346592 0.5929104 0.8235514 0.1684979 0.08313984
0.5508046 0.9323871 0.6072896 0.1137232 0.8328553 0.3860526 0.969874 0.2567253
0.2871659 0.08957366 0.5553068 0.6097382 0.1093496 0.9779542 0.9615975 0.8863682
0.3485596 0.4711895 0.6458412 0.7900365 0.3770885 0.04861425 0.06229272 0.2281424
0.4386365 0.7984438 0.6958044 0.2473511 0.4779309 0.1459889 0.5990463 0.5397006
0.8165118 0.4723397 0.3301316 0.9599365 0.9076667 0.230037 0.01942916 0.4534708
0.8094382 0.6671153 0.2454018 0.9163643 0.7256927 0.6741606 0.1193038 0.9770769
0.3398192 0.311843 0.5921001 0.9732282 0.5915876 0.8847394 0.6389809 0.01528449
0.2399094 0.900102 0.2327802 0.5644076 0.4004387 0.07224207 0.4574691 0.6750319
0.4380878 0.5436028 0.2700222 0.7468794 0.9638625 0.5753428 0.3863092 0.04015431
0.01558721 0.08352597 0.6816842 0.5861193 0.4769985 0.2551746 0.4246344 0.9653279
0.05112062 0.7009768 0.6171854 0.7917423 0.6990681 0.1339712 0.07464498 0.6207186
0.8256554 0.4122208 0.1900918 0.07313638 0.6059038 0.5582219 0.3723533 0.409011
0.9855569 0.528064 0.9423724 0.8640165 0.9786489 0.3965841 0.1734759 0.9348046
0.7715625 0.7658507 0.5451406 0.5191702 0.8251538 0.8624083 0.6890286 0.5958559
0.07314389 0.5472041 0.4907052 0.9951608 0.4760548 0.6211894 0.6182487 0.05905542
0.3063522 0.3411639 0.2652185 0.2458283 0.907103 0.05868138 0.9711322 0.3592283
0.8603284 0.6472816 0.5714073 0.4327304 0.9436783 0.5618108 0.2324138 0.320304
0.4504302 0.9244152 0.777885 0.4225546 0.02320255 0.9006741 0.7188995 0.8203227
0.952409 0.2082379 0.6726176 0.7219456 0.7351724 0.005916497 0.7497274 0.5718053
0.1350469 0.06440895 0.3040204 0.9095737 0.9799879 0.2793054 0.8345773 0.690301
0.6073414 0.2830538 0.4164591 0.04362081 0.6607183 0.4683693 0.4022849 0.03241978
0.7211783 0.5702814 0.4882251 0.09282913 0.5644179 0.3385905 0.1660763 0.5852341
0.141663 0.4815079 0.04968129 0.9860531 0.9177229 0.7163102 0.8468734 0.0125108
0.1751433 0.7605787 0.7765274 0.3901446 0.5921306 0.2693635 0.4002974 0.601078
0.8716601 0.1555397 0.9579532 0.297424 0.6951085 0.3188894 0.9472554 0.1652751
0.4730901 0.1990392 0.4916751 0.585132 0.1296407 0.4959148 0.913367 0.1491878
0.45368 0.4397567 0.5322565 0.1155831 0.8360363 0.7158949 0.8500147 0.7468486
0.01199888 0.05986194 0.7956137 0.6373496 0.7539782 0.674789 0.5357327 0.6578256
0.4494769 0.7099102 0.9516317 0.7265906 0.6031562 0.6584178 0.4985672 0.3349446
0.3523412 0.312257 0.2241117 0.3296272 0.659117 0.7112569 0.3700084 0.2990481
0.5335803 0.681669 0.3409213 0.8273692 0.5240794 0.03464195 0.713923 0.7979607
0.446186 0.2891292 0.02997864 0.1477147 0.6202621 0.4622234 0.8662126 0.4645463
0.2772945 0.07743885 0.8943005 0.866252 0.2061537 0.1533004 0.1231337 0.05293971
0.4694317 0.247543 0.51109 0.2800378 0.2421178 0.5519772 0.2767791 0.3935443
0.9719188 0.3326621 0.9997786 0.8260689 0.03043595 0.5160428 0.8652022 0.6061682
0.06016127 0.3451633 0.7119029 0.6522616 0.1265832 0.8458629 0.4306537 0.7342585
0.1681821 0.1475214 0.1093636 0.9342889 0.3093177 0.914106 0.9878078 0.750886
0.290214 0.04903731 0.6594565 0.2993883 0.7349697 0.2322543 0.167226 0.852431
0.834766 0.6582957 0.777433 0.7947695 0.8545959 0.3532277 0.002223862 0.8671633
0.1303263 0.5194362 0.4180168 0.3665857 0.562681 0.9014811 0.5236639 0.6718184
0.5163422 0.6154419 0.5451637 0.8338089 0.1661842 0.6487189 0.3192307 0.4468393
0.2953629 0.2866849 0.2222956 0.0004889297 0.5246879 0.7781356 0.6406695 0.007342888
0.489002 0.1664265 0.2257111 0.9496981 0.7245349 0.1225737 0.4223169 0.5999884
0.07974227 0.8228484 0.705176 0.4185614 0.4468512 0.8880081 0.5969244 0.1440976
0.04686542 0.9574574 0.6699122 0.2727226 0.5767302 0.2367837 0.8323204 0.2599406
0.6031197 0.4785308 0.05843278 0.8785207 0.8456616 0.3519499 0.9152586 0.82249
0.4293865 0.1541241 0.2148884 0.8879289 0.04271466 0.1646424 0.4107998 0.8883242
0.5970803 0.3521552 0.1020384 0.992796 0.6440374 0.6283129 0.688845 0.2837794
0.3411392 0.3348841 0.2285177 0.47935 0.2946204 0.7407552 0.1831301 0.7897937
0.8185516 0.8816998 0.06884876 0.9541942 0.01489118 0.08193863 0.2670543 0.961152
0.5965969 0.7721347 0.6978037 0.09451864 0.9604159 0.6368685 0.8553966 0.9830399
0.4822448 0.6056878 0.1881271 0.8918365 0.5520611 0.8923941 0.7185363 0.9141043
0.1319132 0.2954503 0.1920638 0.07921866 0.4617755 0.495003 0.1443273 0.4993105
0.2109021 0.08250547 0.2582573 0.09952841 0.5733237 0.1396371 0.379515 0.136378
0.6051486 0.6116159 0.03168496 0.7994151 0.5762909 0.03746399 0.7818873 0.3801529
0.461174 0.3443388 0.5898847 0.9675617 0.5849264 0.9619797 0.6868361 0.915543
0.3531766 0.4928536 0.5598692 0.7178156 0.4277881 0.2316779 0.1770335 0.7334722
0.1655969 0.2050713 0.9954394 0.7320435 0.6081344 0.2733062 0.04040178 0.2712255
0.2072313 0.9733572 0.8416981 0.2847748 0.6035227 0.5335725 0.4595892 0.1727844
0.9158136 0.1376052 0.6589511 0.9032176 0.9436409 0.2516266 0.01255642 0.6264934
0.9871164 0.7124167 0.6424832 0.5920622 0.9427401 0.153753 0.4315791 0.03564536
0.4063184 0.6693853 0.4147117 0.2312033 0.8014206 0.4618802 0.3806728 0.2499299
0.9036242 0.2637158 0.5841079 0.5152167 0.5570282 0.4068747 0.3193081 0.5050656
0.8943766 0.6396063 0.7433331 0.3651804 0.2761877 0.289643 0.865847 0.4138529
0.03381308 0.3552733 0.6912625 0.3397301 0.2687361 0.4359455 0.5872108 0.9232862
0.6436174 0.5334974 0.07092444 0.7908597 0.5935381 0.7336613 0.2298407 0.8918205
0.1981112 0.1005241 0.7380057 0.1537052 0.3083216 0.640263 0.6884549 0.2301484
0.4909536 0.5488022 0.8435509 0.4999064 0.7182473 0.8133707 0.7410021 0.02375235
0.7852603 0.4082594 0.9077504 0.7749604 0.1196756 0.8642694 0.61616 0.937607
0.1526644 0.4453352 0.2228417 0.8975722 0.7909489 0.2627909 0.8453555 0.9881033
0.3389138 0.9446775 0.4065158 0.9356299 0.4658268 0.2004961 0.95953 0.2320792
0.5196513 0.01310351 0.5795834 0.1742429 0.6257654 0.525657 0.35111 0.6624722
0.8676923 0.05048507 0.4465448 0.7534348 0.2369524 0.6891446 0.1437232 0.723707
0.7381697 0.4370383 0.259346 0.6789557 0.4692362 0.9157428 0.9684754 0.481941
0.1720451 0.9214895 0.2499724 0.4789599 0.6049262 0.3098632 0.07432357 0.1994734
0.05995683 0.3986012 0.3548442 0.7163827 0.7168904 0.2194547 0.8056219 0.7756518
0.0772915 0.2007982 0.9597195 0.1177057 0.04751837 0.2329394 0.9746711 0.1359681
0.1740207 0.3253732 0.09855683 0.2914656 0.2302923 0.215251 0.9276863 0.4477665
0.5907487 0.3849001 0.13806 0.6499518 0.1227778 0.8596817 0.5863324 0.2475562
0.5532338 0.7892706 0.4747899 0.9107416 0.6827666 0.912581 0.541432 0.8132055
0.9596756 0.7083618 0.3976003 0.6317308 0.1457311 0.5869956 0.8877952 0.08581428
0.8829915 0.9488299 0.7501548 0.4917006 0.9989794 0.7732733 0.2956834 0.6070397
0.7190788 0.5070045 0.9100472 0.2775656 0.2829009 0.6942287 0.8707849 0.5938662
0.5263218 0.6300735 0.1729766 0.2202429 0.6502851 0.6538707 0.3723517 0.9566663
0.6533506 0.05560936 0.5313116 0.5240916 0.2251566 0.4848219 0.4013614 0.6742841
0.4944044 0.4668282 0.3288212 0.9880877 0.4748017 0.5016538 0.4115263 0.8986631
0.0262939 0.4172515 0.5977721 0.2429064 0.5719873 0.2508434 0.0151577 0.3271648
0.7452703 0.7163078 0.2660471 0.04760054 0.8202825 0.3922046 0.02679537 0.1060885
0.997932 0.4856314 0.2462599 0.8558479 0.7209938 0.05703416 0.8378564 0.3189065
0.01808679 0.7815457 0.1903442 0.4244106 0.1254372 0.8725887 0.5627037 0.9535103
0.4772088 0.4079291 0.5286925 0.2878445 0.226145 0.5242153 0.6285202 0.3247327
0.03628548 0.7169413 0.9441531 0.2400362 0.1490659 0.3569391 0.3435895 0.4857975
0.5630787 0.5838887 0.8705532 0.8461606 0.6110781 0.7802599 0.3234196 0.6059217
0.154986 0.1335656 0.2201174 0.9661488 0.6924434 0.4566765 0.4624468 0.7803032
0.5465822 0.318633 0.9957506 0.4794596 0.4730416 0.07941805 0.09000606 0.8944496
0.6841162 0.924987 0.1029647 0.9725782 0.7325004 0.8742389 0.3443763 0.6301551
0.9202797 0.7960556 0.5589142 0.3455645 0.151311 0.8088693 0.2114171 0.7000482
0.8900702 0.436571 0.1761556 0.7853576 0.1957075 0.2058644 0.6520388 0.9693865
0.3410571 0.5017087 0.5852575 0.4511422 0.5732085 0.8502644 0.7535002 0.1462919
0.001030256 0.9698492 0.1097443 0.2174061 0.1022837 0.6465797 0.123043 0.319595
0.8696538 0.9206744 0.6301104 0.808116 0.3877706 0.974738 0.4657151 0.2897453
0.8386984 0.4251679 0.9788781 0.5130803 0.5401079 0.6494501 0.1300533 0.6448616
0.6112563 0.05963236 0.188787 0.5916295 0.900461 0.1616029 0.1320055 0.2238071
0.537576 0.8281357 0.8149988 0.1141024 0.8365886 0.6156984 0.8710282 0.3800627
0.7892363 0.02178185 0.8929444 0.2692186 0.6443308 0.1526896 0.8318985 0.5074264
0.4658474 0.272052 0.350609 0.5777022 0.247241 0.6248437 0.1365844 0.6555144
0.3287676 0.4668462 0.2731211 0.214548 0.9281527 0.1491659 0.3295032 0.6172356
0.08787495 0.9893809 0.1661152 0.8417277 0.9730618 0.2552826 0.8268777 0.5034313
0.1821626 0.4734117 0.9909603 0.1218442 0.7598766 0.1573944 0.5660418 0.1557292
0.8815293 0.5772512 0.6692025 0.5397993 0.7831579 0.741779 0.3519734 0.700344
0.8113966 0.6853648 0.6477234 0.3471516 0.6685878 0.1628658 0.07988862 0.8782036
0.06331465 0.1355804 0.8706307 0.260386 0.9356817 0.3285059 0.4359903 0.8852951
0.7547793 0.09978777 0.5554892 0.6743033 0.6158129 0.2937631 0.3786063 0.2996636
0.5622941 0.4083975 0.07984923 0.802136 0.422078 0.6967731 0.7500929 0.0405147
0.7479833 0.8117153 0.5638846 0.7162335 0.3781648 0.9026916 0.252428 0.721761
0.267037 0.4694082 0.3128767 0.5919117 0.9712277 0.4541152 0.1782145 0.6980843
0.07063799 0.5120954 0.6252216 0.3037742 0.6215495 0.5544854 0.06830626 0.03113352
0.6421484 0.879569 0.9352528 0.6818292 0.5847094 0.9064503 0.930481 0.7120003
0.7093545 0.549899 0.6068814 0.7169181 0.1432651 0.8749941 0.3284592 0.2580995
0.4206367 0.6141408 0.7169857 0.5314773 0.9445463 0.1569411 0.7959129 0.05497237
0.6126863 0.2137081 0.1358244 0.5367021 0.323181 0.08346676 0.2174416 0.8648906
0.1528355 0.1092869 0.4175182 0.9367255 0.3538225 0.6791536 0.6680441 0.05197384
0.4632575 0.5907761 0.9929242 0.9580044 0.5020012 0.6352035 0.06375621 0.08646717
0.1680581 0.005144594 0.7558251 0.1716829 0.1669042 0.1862605 0.1869873 0.08204943
0.1948812 0.5979814 0.9526014 0.1477254 0.9005985 0.3447489 0.8287313 0.1960649
0.8053697 0.3693025 0.9523748 0.4144649 0.9862246 0.3245067 0.4888915 0.6899394
0.01501387 0.1703346 0.6171715 0.5106041 0.6442593 0.4223075 0.2594213 0.6095113
0.1611607 0.8139108 0.3191899 0.8535046 0.1221238 0.9905148 0.7032712 0.2445422
0.01911143 0.631963 0.4694017 0.5485845 0.1692448 0.6976196 0.3962401 0.3619653
0.8882258 0.5689593 0.5647657 0.6337703 0.5936072 0.03929745 0.997373 0.8829182
0.04138994 0.2874201 0.7206383 0.7973601 0.4707308 0.3496454 0.435447 0.624093
0.456405 0.4108196 0.3219959 0.5233323 0.4329672 0.51686 0.2932151 0.9831434
0.2602497 0.03171355 0.152215 0.8776289 0.6622267 0.1454196 0.2794752 0.3950705
0.5772988 0.1231247 0.9559895 0.249591 0.4180997 0.7081739 0.8495507 0.208292
0.1048883 0.04066743 0.3006874 0.6526611 0.9764057 0.8385686 0.003403512 0.2386874
0.994147 0.1339416 0.9462277 0.8439563 0.8573548 0.07476967 0.3468652 0.0217496
0.5402244 0.5342004 0.5148408 0.7230306 0.1288785 0.3012989 0.1182755 0.664675
0.3898081 0.01822847 0.1799168 0.4221067 0.1291784 0.3983338 0.807361 0.02458314
0.4664422 0.1114593 0.238101 0.3547561 0.072669 0.6663389 0.4236075 0.4661231
0.2452906 0.5137289 0.8363572 0.6819109 0.7029259 0.167594 0.224212 0.3828554
0.0187901 0.9668226 0.3992169 0.9626131 0.3953754 0.4570198 0.2710268 0.8866905
0.8858635 0.4322735 0.3497651 0.03509179 0.01284167 0.8706289 0.9554492 0.1092203
0.1302612 0.5989516 0.4092828 0.04763211 0.5874399 0.4490867 0.9802855 0.7234464
0.5804457 0.9379712 0.5645851 0.6313515 0.9721487 0.7072459 0.2369704 0.9898807
0.8658872 0.03104894 0.9303597 0.9333107 0.4086294 0.1052172 0.2836317 0.683844
0.3300591 0.4981613 0.4023682 0.7063417 0.5628495 0.9765174 0.8574716 0.9661155
0.0502158 0.1936995 0.684658 0.1415229 0.4704328 0.6726536 0.03655241 0.2888536
0.9880092 0.9840188 0.4954675 0.6510154 0.475354 0.8141838 0.7139348 0.4909291
0.09009401 0.705999 0.6429761 0.5667155 0.1696928 0.1643724 0.813097 0.5949971
0.7625491 0.8161992 0.2501737 0.4740997 0.4253353 0.2198448 0.7140037 0.3047397
0.7568077 0.8256012 0.358861 0.8240366 0.1730208 0.2468181 0.4553942 0.5617737
0.3734719 0.7538898 0.4286323 0.8381661 0.04031338 0.8492058 0.04056461 0.2682412
0.6314823 0.7442528 0.4204721 0.1831931 0.4278485 0.6562032 0.6511773 0.7067822
0.2770448 0.06177392 0.2309823 0.5349464 0.3665492 0.1494851 0.9693233 0.3454958
0.07150399 0.7942564 0.64106 0.170763 0.5608555 0.7308644 0.5613713 0.256349
0.4096133 0.4275764 0.5390645 0.5682329 0.3674195 0.2487565 0.5714923 0.6772071
0.2231291 0.7313448 0.8895491 0.7912054 0.1467292 0.8997723 0.6420679 0.1150384
0.3450845 0.2931091 0.5728686 0.02314487 0.4099134 0.6590122 0.5183559 0.2126654
0.1049854 0.002265328 0.3625957 0.4251803 0.2169899 0.8273013 0.006663718 0.4713586
0.6146772 0.2443868 0.3236293 0.9259045 0.9851875 0.07320822 0.8404232 0.5281976
0.7273891 0.2409493 0.2669942 0.4457283 0.6087377 0.1001275 0.2709631 0.03214869
0.04827567 0.04152904 0.06859316 0.5525197 0.8415714 0.5207689 0.242947 0.5143007
0.8778285 0.9306685 0.0968741 0.1889031 0.1159743 0.5910409 0.01357124 0.2912011
0.5376161 0.7799324 0.9587842 0.2027123 0.61863 0.8562857 0.4960292 0.5512797
0.2265672 0.4453741 0.2251596 0.8987231 0.5412003 0.6712025 0.8110982 0.1441146
0.2815108 0.04381195 0.735587 0.9599307 0.3925062 0.2612597 0.9639492 0.7871845
0.8913328 0.139832 0.4303578 0.8751041 0.2179415 0.2159438 0.7574453 0.4002872
0.1342917 0.6928728 0.9956312 0.7997936 0.6149455 0.6142286 0.3440812 0.7621284
0.5797186 0.2564348 0.5016854 0.03492007 0.3811254 0.9708623 0.8624608 0.1778846
0.4774892 0.3174571 0.8589768 0.1218979 0.2891583 0.8799393 0.7111799 0.8181228
0.6208631 0.9917976 0.4974169 0.4942644 0.9369349 0.6108252 0.8237496 0.01545447
0.8362609 0.5163252 0.828563 0.5872105 0.9754697 0.2654286 0.7212448 0.5651714
0.2862441 0.02146145 0.06598862 0.0841461 0.4613105 0.7954516 0.6658081 0.2735154
0.8440563 0.9270119 0.4970215 0.2813997 0.835134 0.732106 0.1449458 0.7675663
0.008920834 0.4464987 0.7038702 0.1779745 0.2848573 0.4135625 0.3529759 0.7931158
0.6557822 0.7187238 0.8283957 0.2760241 0.6192113 0.5107973 0.8624575 0.7178094
0.2935356 0.4302742 0.2436565 0.2016962 0.7623396 0.5748625 0.02968459 0.3643784
0.8593789 0.2375151 0.7722305 0.5810052 0.2552929 0.5824517 0.3457324 0.5901732
0.7620192 0.07436363 0.8667265 0.7605363 0.289085 0.03531836 0.6193885 0.7436524
0.8971232 0.1864397 0.1784692 0.3447582 0.3592148 0.8771103 0.2199486 0.7323235
0.9267012 0.6777215 0.3202708 0.06212844 0.1748237 0.4597433 0.05438858 0.05042136
0.6819594 0.654087 0.2941466 0.7808505 0.3211648 0.6363705 0.5345876 0.4444154
0.7066142 0.5530551 0.6245109 0.2386723 0.7009797 0.8456812 0.5627839 0.8393734
0.1520709 0.4536571 0.3130518 0.03148164 0.9024797 0.6038464 0.351562 0.2658081
0.4499051 0.01059125 0.03024101 0.6579469 0.2238181 0.7996036 0.03000578 0.2973052
0.6062431 0.5744027 0.916155 0.9565974 0.03542035 0.7441657 0.5708652 0.2566651
0.147723 0.5765268 0.7766722 0.9575175 0.7678632 0.632391 0.08346673 0.8441909
0.3756808 0.1976795 0.7127452 0.08695233 0.1242897 0.3026478 0.01490049 0.608952
0.4317344 0.8506376 0.740472 0.3554107 0.9553184 0.313292 0.1339952 0.2624819
0.703003 0.3475775 0.9396535 0.08788217 0.1785558 0.4219639 0.453995 0.8542005
0.9281949 0.9496085 0.4627973 0.201768 0.01232785 0.3575101 0.5427348 0.627814
0.8517073 0.1107031 0.7801752 0.869086 0.4958581 0.2797362 0.2774228 0.3377742
0.9708083 0.1698845 0.693554 0.9308636 0.9208481 0.8910031 0.7965236 0.3048021
0.9583751 0.4014329 0.5705059 0.07032669 0.2720922 0.483116 0.2435373 0.2995309
0.3391896 0.3176488 0.1960895 0.2852231 0.5864183 0.6310539 0.4176301 0.8678825
0.2228685 0.1538956 0.2355665 0.1278768 0.600434 0.07878116 0.07887375 0.08464364
0.3402796 0.6875156 0.358362 0.2544706 0.9056588 0.218674 0.03989455 0.7455352
0.651016 0.355898 0.2700039 0.06325948 0.2896483 0.6807362 0.8082718 0.8666455
0.259005 0.4519935 0.5634065 0.2311113 0.5556599 0.3805648 0.3610789 0.008462285
0.8267775 0.6999564 0.805711 0.2632054 0.1474618 0.5483472 0.5653954 0.9310694
0.1956143 0.3054804 0.4954054 0.4357074 0.9161502 0.934217 0.09303907 0.6915898
0.3962768 0.2540158 0.1009248 0.410703 0.6027329 0.2696028 0.7716279 0.1315896
0.73364 0.9610452 0.03135802 0.6564838 0.6929372 0.6810889 0.7740144 0.713852
0.6055981 0.8970077 0.6043979 0.3347623 0.9489937 0.4823374 0.273918 0.9063352
0.05325509 0.3430234 0.08612627 0.6850872 0.5653052 0.6144374 0.8029393 0.112159
0.736978 0.0927921 0.6844468 0.6835672 0.06455696 0.3649525 0.5761539 0.2680265
0.872666 0.2711145 0.6828966 0.4812779 0.2253663 0.1102575 0.9324248 0.4083967
0.8038748 0.7831358 0.5843516 0.003171124 0.6558183 0.7393199 0.1385324 0.4554657
0.2330402 0.2975397 0.8924507 0.4710138 0.9704803 0.3157963 0.9912282 0.5742012
0.6903142 0.8313862 0.2044479 0.6136272 0.5555134 0.6120042 0.1406399 0.3364998
0.882778 0.9624511 0.3862811 0.4030298 0.506809 0.7975451 0.8594221 0.01777577
0.4366955 0.1232635 0.1595834 0.1478668 0.008696626 0.4987496 0.8263542 0.7203552
0.673062 0.3016963 0.6049455 0.8898685 0.9777305 0.7807586 0.247288 0.5034107
0.540904 0.1338276 0.7587215 0.1632628 0.3546308 0.2672673 0.7533239 0.7022202
0.2937901 0.7061952 0.8607275 0.5501986 0.2514952 0.5224758 0.3035001 0.7725953
0.3545654 0.6094539 0.1888569 0.006088358 0.09828975 0.655406 0.3983533 0.2512707
0.6890912 0.03526572 0.0232469 0.1320743 0.5475975 0.5958167 0.9873488 0.06607006
0.7711817 0.07971146 0.899071 0.4335841 0.594517 0.05866541 0.9180392 0.3034443
0.3316053 0.599429 0.6572668 0.3977024 0.03744679 0.9128736 0.05265863 0.05268791
0.3893502 0.5751081 0.8159685 0.6019158 0.6714229 0.05065805 0.5217531 0.845057
0.8664709 0.7249211 0.03444094 0.8788649 0.8931649 0.2405213 0.1413238 0.9286595
0.5092645 0.4351716 0.06382993 0.6046509 0.2918272 0.3580892 0.9082443 0.6655128
0.3505319 0.2697518 0.7901068 0.687245 0.7625744 0.7211645 0.4186487 0.02446108
0.4651007 0.8438291 0.1690981 0.3405512 0.1593373 0.1975147 0.4206593 0.6356917
0.3471468 0.8794582 0.597363 0.3786546 0.8888352 0.8775526 0.4938935 0.01508954
0.4486315 0.9145574 0.5527406 0.6123388 0.7186925 0.05754517 0.4279968 0.4492036
0.5654525 0.7048575 0.6353252 0.136508 0.3659007 0.2991748 0.5060744 0.1667054
0.2725611 0.6194834 0.7767669 0.5210047 0.3883848 0.3632647 0.9776686 0.9237182
0.326323 0.07220648 0.6513412 0.9842748 0.7106575 0.05722864 0.9518597 0.2632693
0.9599747 0.5109921 0.3006912 0.4533317 0.3367476 0.1115354 0.4092137 0.9534315
0.02957339 0.73577 0.02303267 0.2504114 0.2073799 0.9305422 0.6255351 0.2935234
0.9111674 0.4482934 0.500065 0.4133147 0.681145 0.8200749 0.6594584 0.7736543
0.3641943 0.5929642 0.6646142 0.1462912 0.02299746 0.5251997 0.7353247 0.279084
0.5632473 0.02541029 0.7605845 0.2467101 0.7022118 0.9192113 0.3116645 0.5502556
0.3819792 0.7317011 0.834412 0.9167221 0.187016 0.8916193 0.7452549 0.4226589
0.4755291 0.07732359 0.9284888 0.6140641 0.2401009 0.8062496 0.04941513 0.1547628
0.6434562 0.5875996 0.9981307 0.6840336 0.6029476 0.9489275 0.7437661 0.66087
0.2189464 0.7499814 0.3189569 0.5362593 0.1458986 0.9888563 0.5717218 0.9356751
0.2807934 0.07294616 0.3072067 0.3793666 0.6397069 0.3399746 0.5841813 0.0318896
0.6380524 0.5081274 0.379933 0.7763414 0.2236624 0.106984 0.6714712 0.6581636
0.8322232 0.4829536 0.8826259 0.5092337 0.8383099 0.7399513 0.2828973 0.4929582
0.7817891 0.4678319 0.7386426 0.970063 0.7863464 0.14681 0.1383961 0.7039782
0.1808119 0.1606855 0.1058334 0.3038687 0.1387458 0.534851 0.3198961 0.2184264
0.1202151 0.324128 0.7295685 0.2524223 0.5577421 0.5148291 0.6138793 0.9959829
0.1358528 0.9749345 0.5169803 0.941449 0.001428648 0.1408814 0.2887299 0.5392487
0.8375135 0.5388038 0.9792151 0.5954161 0.9169034 0.08796337 0.1190594 0.5085509
0.2362951 0.9592826 0.4238835 0.01199192 0.6514895 0.6055163 0.6634627 0.08208775
0.9594817 0.1665777 0.6013113 0.2441956 0.788992 0.631065 0.2069722 0.05071093
0.5106149 0.1083633 0.9953932 0.68267 0.4779787 0.4182006 0.8976542 0.03860151
0.8792674 0.3140645 0.9180161 0.4044954 0.9005294 0.825074 0.3373546 0.5870705
0.1681576 0.1719721 0.41573 0.4456308 0.1159798 0.2106192 0.3602522 0.9989884
0.7664411 0.3321729 0.5840318 0.276944 0.2712632 0.8361188 0.2860131 0.9758608
0.796877 0.7431887 0.2126612 0.5370699 0.6194483 0.6497197 0.9513785 0.7319354
0.8381519 0.03987387 0.1446922 0.09895649 0.9917396 0.06819428 0.196991 0.6968225
0.5577015 0.0412959 0.8244929 0.7683534 0.8005294 0.09927931 0.03543631 0.678645
0.2738627 0.5260862 0.2013293 0.6173862 0.9923474 0.8480698 0.2106661 0.07966458
0.4843075 0.2045942 0.229202 0.1539439 0.1462284 0.1518611 0.6690944 0.3066979
0.7242149 0.4932714 0.7512728 0.9624192 0.4615552 0.8038929 0.304324 0.7216507
0.9869736 0.02293462 0.1668312 0.04396104 0.1154721 0.9772372 0.5678391 0.6140729
0.8788234 0.3274772 0.365659 0.8514188 0.937507 0.9430077 0.3473629 0.1835861
0.08820269 0.3138331 0.2900141 0.5596688 0.365299 0.1995359 0.6452279 0.3120678
0.6634993 0.3754025 0.5181672 0.6613032 0.5326409 0.3377009 0.3029738 0.4772827
0.4886442 0.902255 0.9791712 0.5625763 0.692174 0.3797287 0.9307049 0.3452568
0.7123208 0.4368875 0.732107 0.4973719 0.5971328 0.328897 0.091032 0.4967701
0.1025062 0.2229094 0.0787173 0.7705534 0.1841902 0.5994985 0.3941256 0.1773174
0.639828 0.339928 0.9754434 0.9449066 0.2838737 0.7861098 0.03012744 0.4585461
0.7599875 0.9478661 0.03832133 0.2661214 0.7799032 0.9338236 0.9795071 0.635123
0.9144798 0.7240583 0.9802552 0.4887874 0.5422755 0.8541018 0.09322054 0.1705952
0.03051385 0.4527908 0.2615679 0.9482375 0.06591072 0.2871396 0.693724 0.3358385
0.3370237 0.8476459 0.7308314 0.8282236 0.594844 0.4904547 0.7015361 0.329627
0.01070126 0.3283431 0.04765797 0.5606226 0.7436605 0.007642293 0.7726181 0.1057102
0.1301023 0.1786733 0.7895862 0.6188095 0.4510756 0.3764082 0.02776719 0.5190241
0.1814626 0.4430165 0.6618469 0.4386283 0.4686526 0.7341108 0.1109477 0.8790514
0.5279961 0.5338399 0.7088341 0.9616427 0.2962196 0.313837 0.8908986 0.6243706
0.7278084 0.3376732 0.1060021 0.6183776 0.3101161 0.07058173 0.5357936 0.006485818
0.3326837 0.1844969 0.2871995 0.181724 0.3744496 0.9374609 0.614251 0.007057684
0.8318798 0.9634425 0.0405556 0.290396 0.9585696 0.5309049 0.2138163 0.5641358
0.9869108 0.3021272 0.1548739 0.3443203 0.5602652 0.2124904 0.376008 0.8091216
0.2240508 0.585676 0.1711991 0.8190407 0.1061035 0.7385317 0.7432158 0.2884472
0.8847249 0.6558921 0.4508312 0.809785 0.695041 0.4735042 0.1911542 0.1871128
0.7624293 0.1892287 0.2230185 0.4697853 0.5566038 0.8776842 0.03358458 0.1203875
0.805117 0.358399 0.7576585 0.7484083 0.7962311 0.9679488 0.7379659 0.8740064
0.1327088 0.9737816 0.1834567 0.6365151 0.04077354 0.2075177 0.5144395 0.3022487
0.3316164 0.1710275 0.8201355 0.8953902 0.118806 0.04722573 0.8720699 0.6268718
0.4000381 0.379061 0.6665103 0.854638 0.500089 0.5341482 0.6506881 0.1589127
0.04787689 0.9328122 0.1392805 0.02865013 0.6246252 0.620766 0.1301109 0.5411134
0.6802992 0.1135516 0.3205362 0.9365955 0.8898629 0.07361404 0.9684462 0.2862716
0.6506205 0.3339716 0.5005269 0.8928103 0.6954087 0.9030209 0.1725668 0.5089287
0.7576047 0.5127877 0.2365395 0.05446262 0.8892318 0.2733547 0.05116633 0.474552
0.6781813 0.6576571 0.08446899 0.970097 0.8433678 0.2312312 0.5858501 0.4965298
0.7481517 0.9295224 0.621766 0.9684968 0.4952354 0.2043498 0.3759343 0.9802049
0.6220154 0.7773361 0.9952814 0.7724862 0.5213946 0.7179018 0.8743738 0.2830072
0.4911343 0.1482244 0.3610362 0.3855074 0.9835176 0.6325447 0.9920276 0.7830707
0.3825493 0.6040702 0.4170015 0.8309007 0.4836211 0.309222 0.4488399 0.1325306
0.0988607 0.2741734 0.4012765 0.5966289 0.662062 0.1249846 0.4387829 0.1237868
0.4844572 0.8295994 0.1032235 0.592135 0.4651356 0.1835877 0.07709948 0.1059476
0.4579316 0.7309333 0.4094336 0.1806047 0.3546929 0.5968279 0.3570791 0.528914
0.3856157 0.6861651 0.3943023 0.2704341 0.4139015 0.3952583 0.9866674 0.2666611
0.4608612 0.2236292 0.9398726 0.3803751 0.7142011 0.2824962 0.1110526 0.1304107
0.5773656 0.6471738 0.1725485 0.1496361 0.1508053 0.5828073 0.2606477 0.5760515
0.1476529 0.7583403 0.2802808 0.5645968 0.1862727 0.2698219 0.7888819 0.7187061
0.2820055 0.2314508 0.6980348 0.9324441 0.4141919 0.7686193 0.1440549 0.6672789
0.07284208 0.381534 0.3512243 0.9840272 0.1689108 0.2582972 0.887001 0.3134962
0.03213268 0.5908426 0.5396598 0.09577854 0.702067 0.06773392 0.8440676 0.3200273
0.8034786 0.4175737 0.5024117 0.7763313 0.4907948 0.9039874 0.2673926 0.8166136
0.4260746 0.5141911 0.1332355 0.03312101 0.008661842 0.8614798 0.9387228 0.6615422
0.2054815 0.4611588 0.1277792 0.6518938 0.9643752 0.495986 0.8284321 0.08434595
0.04276538 0.5262066 0.4094922 0.09230591 0.06615059 0.1010362 0.2499649 0.3323938
0.2557525 0.1867285 0.2342089 0.3778404 0.3900242 0.003254244 0.3230409 0.4839506
0.02786681 0.7564085 0.5564762 0.1820921 0.7335457 0.9274231 0.6913351 0.9149108
0.02863229 0.4681007 0.3846216 0.5088571 0.829309 0.9508705 0.02360731 0.488329
0.5805609 0.893062 0.1893443 0.6910097 0.5063995 0.6962118 0.05110015 0.1989847
0.8741107 0.3411593 0.9184329 0.8648851 0.3876768 0.8205118 0.3804492 0.6106453
0.7265879 0.1983981 0.129801 0.9345917 0.6616927 0.6796335 0.7738636 0.5691484
0.3117488 0.7030054 0.4972432 0.9152831 0.4912314 0.5543094 0.4028078 0.1166551
0.3080624 0.8355351 0.3602541 0.1899021 0.4328294 0.6126099 0.4600061 0.455699
0.07881784 0.03187557 0.7583534 0.2174988 0.2297276 0.04616243 0.3121276 0.2811499
0.6200102 0.2787165 0.3033479 0.4963304 0.5252658 0.8884484 0.7394847 0.9045108
0.4276405 0.2284271 0.7793259 0.6823521 0.2123063 0.01893193 0.07328107 0.9903847
0.882916 0.3938791 0.5022306 0.359472 0.4133482 0.2039976 0.570021 0.7572541
0.4900921 0.1113929 0.03407046 0.5595059 0.8001431 0.7022637 0.1436898 0.3611239
0.828453 0.9538638 0.5846933 0.000156312 0.8658531 0.2098855 0.02175794 0.8816475
0.8220867 0.06077851 0.2224378 0.8338798 0.3638498 0.8986956 0.753214 0.3241805
0.8399351 0.3170437 0.5608357 0.08101547 0.1923626 0.8988694 0.04143059 0.3664729
0.4929917 0.1754244 0.4898293 0.9846987 0.2486923 0.6101626 0.01457501 0.896557
0.5291033 0.9597707 0.7955664 0.07436387 0.7835818 0.3102278 0.332215 0.9051369
0.513529 0.9588233 0.2978511 0.6396005 0.9845447 0.76086 0.4306658 0.7400794
0.6520057 0.2495556 0.9281367 0.8129644 0.09398086 0.5667787 0.1417881 0.8461594
0.2871222 0.1253636 0.3200183 0.7172284 0.425703 0.5194642 0.9596885 0.009531556
0.542755 0.2549442 0.08186057 0.9886917 0.736197 0.3223413 0.369974 0.277472
0.1043231 0.8589304 0.6175257 0.9965545 0.4356717 0.6485923 0.9200237 0.45967
0.7053335 0.09310741 0.5233582 0.476739 0.9472517 0.4423461 0.7126307 0.0996893
0.6736273 0.8957461 0.8534464 0.6839826 0.1279323 0.2997615 0.4899245 0.4975923
0.265422 0.9265854 0.3936429 0.1489552 0.9641366 0.0006091832 0.9082508 0.4503236
0.05596024 0.5749818 0.6232124 0.2240964 0.1658715 0.6354259 0.9379153 0.9423825
0.4790141 0.06264261 0.1547707 0.776245 0.3184187 0.7334698 0.6209386 0.03475882
0.9822211 0.4855737 0.1021392 0.9431658 0.3374479 0.6488487 0.8983611 0.3326851
0.1171024 0.7379466 0.967883 0.5366388 0.197313 0.7911616 0.7877928 0.07465048
0.2123555 0.6774758 0.587736 0.626584 0.4781352 0.05904495 0.03841221 0.6906264
0.03050246 0.8545899 0.4471371 0.3028187 0.1320888 0.6957319 0.6788375 0.3396284
0.3431383 0.3903764 0.6175068 0.1000915 0.2779709 0.348717 0.1020448 0.03942073
0.4552666 0.7947689 0.8248981 0.8134471 0.2359783 0.3727675 0.9740534 0.5267116
0.06893727 0.1159931 0.5333336 0.40195 0.831612 0.3359282 0.7585361 0.1478225
0.811189 0.7823489 0.7279132 0.3880284 0.1166046 0.1723908 0.004294419 0.1951662
0.8129117 0.1210186 0.2117776 0.32769 0.1864011 0.3326768 0.5589467 0.03989819
0.01666309 0.606216 0.9821449 0.5132071 0.1832568 0.8524265 0.1957879 0.3361991
0.5969817 0.5193905 0.4057805 0.2741367 0.7557898 0.7285383 0.6642932 0.2440008
0.6671255 0.7676759 0.9223581 0.8172588 0.02043044 0.5469876 0.6423458 0.2313878
0.6770613 0.620773 0.3349997 0.5077683 0.3859671 0.3882045 0.7408423 0.4571201
0.8322924 0.4766498 0.4422504 0.1833274 0.2732839 0.4988857 0.9504344 0.7461906
0.03099767 0.9113376 0.7457291 0.538543 0.237794 0.3461438 0.9572354 0.2574249
0.3630504 0.7232716 0.4118709 0.5127489 0.2334764 0.3232785 0.2083414 0.6551967
0.8644948 0.6306393 0.6457377 0.8615722 0.3712726 0.6212659 0.2890621 0.8834374
0.4159129 0.7309384 0.2487394 0.08843158 0.3196662 0.6876241 0.2452271 0.4813661
0.218073 0.7516293 0.6165493 0.5008118 0.4392013 0.2520616 0.7674742 0.1453674
0.7762525 0.1039056 0.7638535 0.8088433 0.7436621 0.6661002 0.5121669 0.6828972
0.7489002 0.2282545 0.07475027 0.4400153 0.2973642 0.6873437 0.1542097 0.5388683
0.1791554 0.6613099 0.2378113 0.4961889 0.7524756 0.5234893 0.9533787 0.9415348
0.7049977 0.2689869 0.01034395 0.7630854 0.4478094 0.7640351 0.7681464 0.03433514
0.4961541 0.3096225 0.7291575 0.827742 0.7553053 0.5701731 0.706759 0.5825563
0.4731538 0.4325458 0.4387701 0.3426543 0.817597 0.7042419 0.7920443 0.3540704
0.6924197 0.4979749 0.3668533 0.8632372 0.6254787 0.5438022 0.899629 0.2347418
0.7841652 0.9199557 0.9406202 0.9914448 0.5355981 0.6956504 0.9553707 0.539055
0.9494913 0.5244545 0.7102533 0.3009635 0.8771566 0.6363869 0.07903727 0.1027745
0.3009797 0.863311 0.4452545 0.5006251 0.2167011 0.3879768 0.8118566 0.2349024
0.6676271 0.5300661 0.3948642 0.9063136 0.9154552 0.260617 0.500757 0.2757422
0.6183958 0.6346105 0.8590381 0.3186276 0.9254397 0.1553206 0.2070648 0.4452766
0.7387385 0.3013937 0.6062077 0.5023383 0.1799433 0.1279487 0.4114679 0.811074
0.2571089 0.3506269 0.3284103 0.310652 0.270865 0.6847291 0.8037889 0.2623983
0.7183838 0.9611575 0.1831449 0.5546607 0.9065406 0.0519218 0.5460332 0.1813381
0.9311671 0.09369509 0.5411766 0.1299536 0.45297 0.1254486 0.3183092 0.9215842
0.5259134 0.385216 0.685655 0.7809922 0.8989275 0.7962516 0.923577 0.5195643
0.8999563 0.01958649 0.07997115 0.6820656 0.328381 0.9926679 0.7307896 0.3949052
0.1016761 0.0761474 0.2935626 0.351913 0.800278 0.5873326 0.2441148 0.6578612
0.5599464 0.1580993 0.4937049 0.7375994 0.04055239 0.2927448 0.5972173 0.9945
0.9410666 0.8162376 0.731386 0.5386157 0.8810352 0.1472904 0.8476299 0.02209956
0.6957231 0.6943391 0.2702744 0.4440398 0.3019239 0.5364199 0.6905223 0.6318756
0.1171049 0.07965303 0.6111521 0.4344829 0.2123855 0.6681671 0.6454564 0.0190137
0.8974824 0.2571661 0.3637804 0.4669618 0.3734936 0.5156047 0.166283 0.4470554
0.8139154 0.3430648 0.0748295 0.5635105 0.01810852 0.6203749 0.6325464 0.4191337
0.01534626 0.4640101 0.07184268 0.2484167 0.4992535 0.6616116 0.5824992 0.1829763
0.1583209 0.4401783 0.1594245 0.198909 0.2530937 0.3294791 0.2300637 0.2870574
0.4605483 0.5282501 0.2740497 0.04853653 0.7922815 0.3189725 0.4465404 0.9722312
0.8714683 0.3236974 0.5172469 0.4262219 0.7377697 0.1823247 0.4001358 0.858031
0.02628174 0.222046 0.4551179 0.8564722 0.3747273 0.9484612 0.895577 0.7679362
0.3858854 0.05261771 0.5810918 0.6230846 0.9476995 0.6218343 0.9198103 0.7833813
0.3657344 0.1580299 0.8068746 0.737832 0.1511772 0.7386402 0.9539199 0.8209884
0.4463431 0.2552985 0.9368843 0.9380454 0.5080404 0.6974193 0.2693927 0.4565091
0.5269251 0.0598502 0.4172306 0.4108434 0.2529122 0.8226901 0.8145586 0.9566737
0.4286155 0.02322519 0.02587769 0.7813039 0.1177351 0.0813571 0.4304604 0.7388056
0.9385624 0.2684126 0.7178941 0.3916008 0.8960321 0.474345 0.9845857 0.1948238
0.4228322 0.3036537 0.1762702 0.3261866 0.9117033 0.2845212 0.8661601 0.6465344
0.693031 0.1368024 0.06749461 0.6421977 0.26396 0.3190779 0.9708272 0.1150692
0.6435088 0.1883036 0.5649406 0.927727 0.3727239 0.4790248 0.4420497 0.1453982
0.2091806 0.1819009 0.2780911 0.9709003 0.6051503 0.4128141 0.2023111 0.2166945
0.8774415 0.3510624 0.5859796 0.9434545 0.586829 0.7752416 0.091987 0.2734778
0.6649488 0.4211019 0.9196116 0.6854553 0.7314943 0.6649495 0.01882914 0.8653183
0.201046 0.008104201 0.6265111 0.6844781 0.5145268 0.2674639 0.6267251 0.002730852
0.05985326 0.2975184 0.5329977 0.8663024 0.2028789 0.8288023 0.8571999 0.5483216
0.9979439 0.9266965 0.9354221 0.738848 0.4511881 0.8390232 0.3298217 0.6072237
0.02490238 0.3227635 0.7096344 0.1265246 0.9387785 0.9977283 0.6326637 0.06227622
0.5350282 0.9858294 0.1818655 0.9110766 0.2565722 0.3257115 0.1908174 0.9456903
0.2264079 0.6845124 0.8743838 0.2495017 0.0608452 0.3146976 0.3903934 0.5166967
0.962978 0.97902 0.0300384 0.9354729 0.9174239 0.5923651 0.8295722 0.215446
0.5306233 0.05350401 0.4590724 0.1672823 0.5196219 0.7008919 0.3890674 0.126883
0.7300625 0.6683008 0.4313955 0.2351879 0.1021355 0.2715738 0.380568 0.8868465
0.3263753 0.7002422 0.383169 0.1399535 0.1310665 0.8205257 0.8715571 0.5041525
0.2858413 0.7033279 0.6927658 0.3509109 0.8878768 0.675948 0.06989082 0.3617336
0.5814788 0.8031058 0.2757392 0.8057992 0.2982052 0.4537065 0.01832524 0.9926873
0.1912316 0.3152819 0.3785334 0.5793931 0.05044315 0.6877482 0.611707 0.3859747
0.3555759 0.3620966 0.7325639 0.74546 0.8372131 0.01881767 0.0892494 0.1721808
0.9190896 0.3598865 0.3623302 0.01234574 0.7700996 0.04215549 0.3700103 0.8496572
0.2582729 0.4352573 0.4886638 0.3738195 0.7702014 0.6630238 0.8688732 0.6248628
0.5173224 0.05276109 0.6456859 0.04914272 0.3716063 0.7707979 0.388099 0.2146363
0.2583809 0.9997378 0.4770007 0.2453159 0.3993118 0.4256474 0.1712144 0.7030269
0.6423059 0.3643582 0.8782121 0.6281458 0.7820972 0.2760077 0.9113326 0.1662355
0.4924041 0.6194185 0.6032015 0.7958829 0.1970733 0.8125054 0.2445495 0.3648645
0.7607141 0.5463382 0.2516245 0.6176531 0.9078948 0.4091342 0.7504732 0.7581553
0.1328387 0.1699204 0.9329997 0.7272474 0.6836156 0.3720474 0.321603 0.3070521
0.185777 0.8725011 0.5133327 0.1070781 0.4671091 0.6779188 0.5080973 0.7128156
0.8938337 0.1099904 0.3254928 0.2520687 0.1044517 0.2490198 0.9503136 0.435592
0.3676269 0.8033324 0.03473746 0.7936139 0.9086727 0.1906223 0.7330043 0.1426477
